0 0.11 0.48333333333333334 0.1575 0.24166666666666667
0 0.545625 0.3416666666666667 0.2925 0.3466666666666667
0 0.8562500000000001 0.385 0.28 0.26
0 0.4390625 0.6637500000000001 0.066875 0.27083333333333337
0 0.6575 0.6262500000000001 0.0925 0.1991666666666667
0 0.2815625 0.5141666666666667 0.131875 0.18500000000000003
0 0.2859375 0.7720833333333333 0.065625 0.1325
0 0.059062500000000004 0.64625 0.023125 0.04416666666666667
0 0.10187500000000001 0.6416666666666667 0.0225 0.043333333333333335
0 0.143125 0.6516666666666667 0.01875 0.055
0 0.1859375 0.64625 0.023125 0.06416666666666668
0 0.7553125 0.6654166666666667 0.079375 0.28750000000000003
0 0.821875 0.5891666666666667 0.03625 0.055
