0 0.5483050847457627 0.18625 0.34745762711864403 0.3075
0 0.7898305084745763 0.69125 0.17288135593220338 0.1675
0 0.5525423728813559 0.76125 0.04067796610169491 0.2675
0 0.4559322033898305 0.80125 0.04406779661016949 0.14250000000000002
0 0.2847457627118644 0.80375 0.04067796610169491 0.1975
0 0.051694915254237285 0.89625 0.09999999999999999 0.1475
0 0.31271186440677967 0.34 0.09999999999999999 0.075
0 0.23220338983050848 0.5962500000000001 0.06101694915254237 0.1125
0 0.3330508474576271 0.48875 0.0288135593220339 0.1525
0 0.47203389830508474 0.45125 0.03898305084745762 0.1775
