1 0.3125 0.20353982300884954 0.3203125 0.14513274336283186
1 0.248046875 0.34424778761061947 0.23046875 0.11150442477876106
1 0.650390625 0.4336283185840708 0.21484375 0.15221238938053097
1 0.291015625 0.5212389380530973 0.25390625 0.1433628318584071
1 0.673828125 0.24955752212389382 0.19921875 0.18053097345132743
1 0.376953125 0.6415929203539823 0.25390625 0.16814159292035397
1 0.62109375 0.5920353982300884 0.2265625 0.15752212389380532
1 0.45703125 0.7814159292035399 0.2421875 0.11858407079646018
1 0.30859375 0.8823008849557522 0.21875 0.11150442477876106
1 0.689453125 0.12035398230088495 0.26953125 0.11327433628318584
