1 0.578125 0.2225201072386059 0.3203125 0.2520107238605898
1 0.82421875 0.13136729222520108 0.2734375 0.257372654155496
1 0.314453125 0.07640750670241286 0.27734375 0.13672922252010725
1 0.158203125 0.13270777479892762 0.16796875 0.1260053619302949
1 0.55078125 0.09517426273458446 0.34375 0.13136729222520108
1 0.20703125 0.31769436997319034 0.3515625 0.2225201072386059
1 0.548828125 0.40884718498659517 0.27734375 0.17962466487935658
1 0.2734375 0.4611260053619303 0.125 0.06970509383378017
1 0.482421875 0.564343163538874 0.33984375 0.28150134048257375
1 0.67578125 0.7613941018766757 0.203125 0.20911528150134048
