1 0.537109375 0.24356775300171526 0.35546875 0.25728987993138935
1 0.638671875 0.5343053173241853 0.48046875 0.313893653516295
1 0.25390625 0.4648370497427101 0.359375 0.2538593481989708
1 0.25390625 0.1946826758147513 0.328125 0.2967409948542024
1 0.70703125 0.11749571183533447 0.4609375 0.21097770154373927
1 0.8046875 0.30017152658662094 0.3203125 0.22641509433962265
1 0.42578125 0.6595197255574614 0.5 0.28987993138936535
1 0.158203125 0.6835334476843911 0.18359375 0.1457975986277873
1 0.560546875 0.8893653516295026 0.61328125 0.22126929674099485
1 0.806640625 0.758147512864494 0.29296875 0.16123499142367068
