2 0.3958333333333333 0.158203125 0.10416666666666667 0.23046875
2 0.46484375 0.392578125 0.12760416666666666 0.14453125
2 0.5325520833333334 0.517578125 0.11197916666666667 0.13671875
2 0.65234375 0.62890625 0.15364583333333334 0.1328125
2 0.6484375 0.791015625 0.14583333333333334 0.08984375
2 0.07552083333333333 0.05078125 0.11458333333333333 0.0390625
2 0.1640625 0.111328125 0.08854166666666667 0.08984375
2 0.24088541666666666 0.265625 0.08072916666666667 0.09375
2 0.15755208333333334 0.38671875 0.09635416666666667 0.1015625
2 0.23958333333333334 0.576171875 0.22916666666666666 0.07421875
2 0.23307291666666666 0.744140625 0.21614583333333334 0.08984375
2 0.3919270833333333 0.828125 0.09114583333333333 0.109375
2 0.28125 0.8515625 0.08333333333333333 0.046875
2 0.6927083333333334 0.912109375 0.16666666666666666 0.14453125