2 0.43359375 0.47305389221556887 0.0859375 0.6526946107784432
2 0.70703125 0.468562874251497 0.1328125 0.16467065868263472
2 0.66015625 0.3338323353293413 0.109375 0.11676646706586827
2 0.63671875 0.13922155688622753 0.1484375 0.16467065868263472
2 0.77734375 0.6347305389221557 0.1640625 0.1377245508982036
2 0.2890625 0.6646706586826348 0.2265625 0.08982035928143713
2 0.291015625 0.8173652694610778 0.11328125 0.10179640718562874
2 0.306640625 0.905688622754491 0.30078125 0.09281437125748503
2 0.177734375 0.5119760479041916 0.12109375 0.19161676646706588
2 0.283203125 0.46706586826347307 0.08984375 0.25149700598802394
2 0.224609375 0.2634730538922156 0.18359375 0.25748502994011974