2 0.130859375 0.13411458333333334 0.16796875 0.2421875
2 0.154296875 0.3815104166666667 0.23828125 0.16927083333333334
2 0.18359375 0.5755208333333334 0.234375 0.15104166666666666
2 0.15625 0.7486979166666666 0.2109375 0.12760416666666666
2 0.111328125 0.9192708333333334 0.17578125 0.09375
2 0.34765625 0.1484375 0.109375 0.10416666666666667
2 0.46875 0.07161458333333333 0.109375 0.07552083333333333
2 0.4453125 0.3528645833333333 0.2265625 0.15364583333333334
2 0.466796875 0.5364583333333334 0.19140625 0.109375
2 0.486328125 0.7291666666666666 0.20703125 0.13541666666666666
2 0.4375 0.9205729166666666 0.2421875 0.13802083333333334
2 0.65234375 0.2708333333333333 0.1015625 0.13020833333333334
2 0.896484375 0.2513020833333333 0.14453125 0.13802083333333334
2 0.8046875 0.4401041666666667 0.2109375 0.08333333333333333