2 0.34375 0.09765625 0.140625 0.10677083333333333
2 0.28515625 0.3046875 0.2265625 0.09375
2 0.228515625 0.4244791666666667 0.19140625 0.08333333333333333
2 0.228515625 0.5442708333333334 0.13671875 0.10416666666666667
2 0.154296875 0.640625 0.12890625 0.06770833333333333
2 0.193359375 0.77734375 0.16015625 0.0859375
2 0.15234375 0.8997395833333334 0.15625 0.10677083333333333
2 0.578125 0.10026041666666667 0.1875 0.17447916666666666
2 0.48046875 0.3046875 0.1328125 0.15104166666666666
2 0.6875 0.26953125 0.1640625 0.15885416666666666
2 0.6953125 0.4583333333333333 0.140625 0.13541666666666666
2 0.7265625 0.6744791666666666 0.1640625 0.10416666666666667
2 0.734375 0.8111979166666666 0.15625 0.09635416666666667
2 0.509765625 0.8763020833333334 0.17578125 0.11197916666666667
2 0.72265625 0.9205729166666666 0.1640625 0.11197916666666667
2 0.486328125 0.6067708333333334 0.19140625 0.2864583333333333
2 0.84765625 0.3216145833333333 0.1796875 0.15364583333333334