2 0.271484375 0.17842741935483872 0.30859375 0.17137096774193547
2 0.546875 0.5907258064516129 0.234375 0.6814516129032258
2 0.748046875 0.3810483870967742 0.10546875 0.14516129032258066
2 0.71875 0.7429435483870968 0.1796875 0.19959677419354838
2 0.923828125 0.7348790322580645 0.12109375 0.16330645161290322
2 0.123046875 0.6149193548387096 0.01171875 0.028225806451612902
2 0.052734375 0.561491935483871 0.09765625 0.1310483870967742
2 0.119140625 0.9314516129032258 0.17578125 0.0846774193548387
2 0.296875 0.3901209677419355 0.1015625 0.13911290322580644
2 0.326171875 0.5836693548387096 0.15234375 0.1350806451612903
2 0.34765625 0.9334677419354839 0.1796875 0.0846774193548387
2 0.322265625 0.7379032258064516 0.12890625 0.07661290322580645
2 0.818359375 0.8780241935483871 0.17578125 0.06653225806451613