2 0.345703125 0.17317708333333334 0.12890625 0.16927083333333334
2 0.396484375 0.5403645833333334 0.08203125 0.4817708333333333
2 0.712890625 0.13802083333333334 0.15234375 0.171875
2 0.83984375 0.515625 0.109375 0.2708333333333333
2 0.91796875 0.7408854166666666 0.0859375 0.16927083333333334
2 0.220703125 0.3216145833333333 0.13671875 0.18489583333333334
2 0.275390625 0.6940104166666666 0.12109375 0.2734375
2 0.30078125 0.9127604166666666 0.234375 0.10677083333333333
2 0.537109375 0.7630208333333334 0.12890625 0.11979166666666667
2 0.53125 0.15755208333333334 0.1328125 0.08072916666666667
2 0.9375 0.18359375 0.0703125 0.09114583333333333