2 0.1015625 0.23958333333333334 0.109375 0.09375
2 0.3203125 0.23958333333333334 0.0625 0.109375
2 0.20703125 0.4296875 0.046875 0.052083333333333336
2 0.234375 0.57421875 0.2265625 0.13802083333333334
2 0.07421875 0.47265625 0.078125 0.09114583333333333
2 0.4609375 0.5065104166666666 0.125 0.2734375
2 0.439453125 0.8059895833333334 0.15234375 0.1796875
2 0.123046875 0.8216145833333334 0.19140625 0.1796875
2 0.30078125 0.96484375 0.1484375 0.0703125
2 0.625 0.8932291666666666 0.109375 0.15104166666666666
2 0.947265625 0.3151041666666667 0.10546875 0.08333333333333333