2 0.861328125 0.10798816568047337 0.13671875 0.16863905325443787
2 0.677734375 0.15088757396449703 0.15234375 0.2485207100591716
2 0.494140625 0.23816568047337278 0.14453125 0.12721893491124261
2 0.509765625 0.35650887573964496 0.12109375 0.08579881656804733
2 0.373046875 0.3727810650887574 0.05859375 0.20118343195266272
2 0.673828125 0.38461538461538464 0.16796875 0.17751479289940827
2 0.869140625 0.3801775147928994 0.19921875 0.23372781065088757
2 0.572265625 0.5798816568047337 0.15234375 0.14201183431952663
2 0.732421875 0.613905325443787 0.16015625 0.16863905325443787
2 0.521484375 0.727810650887574 0.08203125 0.16568047337278108
2 0.6328125 0.8062130177514792 0.203125 0.22781065088757396
2 0.26171875 0.4363905325443787 0.3203125 0.8609467455621301