2 0.5234375 0.4832869080779944 0.0390625 0.9164345403899722
2 0.41796875 0.14345403899721448 0.0546875 0.06963788300835655
2 0.421875 0.2827298050139276 0.09375 0.0807799442896936
2 0.44140625 0.4610027855153203 0.09375 0.12534818941504178
2 0.439453125 0.5724233983286908 0.05859375 0.036211699164345405
2 0.61328125 0.06128133704735376 0.0703125 0.06128133704735376
2 0.5703125 0.2075208913649025 0.0703125 0.06963788300835655
2 0.57421875 0.28133704735376047 0.0546875 0.055710306406685235
2 0.69140625 0.1713091922005571 0.046875 0.20891364902506965
2 0.68359375 0.43036211699164345 0.0859375 0.1309192200557103
2 0.76953125 0.5515320334261838 0.09375 0.1392757660167131
2 0.603515625 0.5947075208913649 0.13671875 0.09192200557103064
2 0.583984375 0.41643454038997213 0.08984375 0.09192200557103064
2 0.775390625 0.7228412256267409 0.10546875 0.10863509749303621
2 0.765625 0.8774373259052924 0.1484375 0.08913649025069638
2 0.84375 0.35097493036211697 0.0625 0.6072423398328691
2 0.919921875 0.5515320334261838 0.08984375 0.7019498607242339