2 0.55859375 0.4453125 0.09375 0.8125
2 0.837890625 0.6223958333333334 0.23828125 0.078125
2 0.7265625 0.4895833333333333 0.15625 0.09895833333333333
2 0.720703125 0.3776041666666667 0.06640625 0.09375
2 0.765625 0.21875 0.125 0.15104166666666666
2 0.859375 0.08854166666666667 0.1796875 0.09375
2 0.703125 0.08072916666666667 0.109375 0.07291666666666667
2 0.314453125 0.08333333333333333 0.12890625 0.0625
2 0.412109375 0.23697916666666666 0.07421875 0.17708333333333334
2 0.130859375 0.5364583333333334 0.11328125 0.23958333333333334
2 0.244140625 0.4739583333333333 0.04296875 0.08333333333333333
2 0.41015625 0.44921875 0.078125 0.0859375
2 0.919921875 0.7513020833333334 0.09765625 0.15364583333333334
2 0.716796875 0.7421875 0.16796875 0.0625
2 0.830078125 0.92578125 0.18359375 0.12239583333333333
2 0.615234375 0.8958333333333334 0.16015625 0.078125
2 0.49609375 0.6158854166666666 0.03125 0.1328125