2 0.57421875 0.4244791666666667 0.171875 0.5364583333333334
2 0.662109375 0.13151041666666666 0.13671875 0.11197916666666667
2 0.248046875 0.2552083333333333 0.11328125 0.16145833333333334
2 0.087890625 0.3932291666666667 0.09765625 0.11979166666666667
2 0.107421875 0.5625 0.11328125 0.11979166666666667
2 0.1328125 0.7330729166666666 0.171875 0.044270833333333336
2 0.125 0.8424479166666666 0.125 0.09635416666666667
2 0.220703125 0.94140625 0.16015625 0.08072916666666667
2 0.935546875 0.76171875 0.05859375 0.033854166666666664
2 0.876953125 0.8268229166666666 0.17578125 0.044270833333333336
2 0.501953125 0.8984375 0.17578125 0.09895833333333333
2 0.8515625 0.4453125 0.046875 0.14583333333333334
2 0.916015625 0.4309895833333333 0.05078125 0.2578125
2 0.72265625 0.609375 0.1640625 0.08333333333333333