2 0.36328125 0.26018099547511314 0.1796875 0.2895927601809955
2 0.376953125 0.4604072398190045 0.13671875 0.08823529411764706
2 0.4375 0.6108597285067874 0.1015625 0.08144796380090498
2 0.525390625 0.5610859728506787 0.11328125 0.25339366515837103
2 0.732421875 0.501131221719457 0.04296875 0.1334841628959276
2 0.751953125 0.7703619909502263 0.07421875 0.19230769230769232
2 0.86328125 0.6877828054298643 0.046875 0.3936651583710407
2 0.76953125 0.12104072398190045 0.15625 0.18778280542986425
2 0.08984375 0.5520361990950227 0.046875 0.09954751131221719
2 0.068359375 0.7986425339366516 0.12890625 0.12669683257918551
2 0.232421875 0.9072398190045249 0.14453125 0.17194570135746606