2 0.296875 0.3880208333333333 0.1953125 0.15104166666666666
2 0.822265625 0.7317708333333334 0.18359375 0.18229166666666666
2 0.798828125 0.8919270833333334 0.21484375 0.10677083333333333
2 0.287109375 0.5442708333333334 0.18359375 0.13020833333333334
2 0.23046875 0.7044270833333334 0.15625 0.12760416666666666
2 0.236328125 0.8411458333333334 0.12109375 0.11979166666666667
2 0.458984375 0.4322916666666667 0.16796875 0.5729166666666666
2 0.625 0.515625 0.09375 0.11979166666666667
2 0.42578125 0.83203125 0.2109375 0.12239583333333333
2 0.64453125 0.8723958333333334 0.2109375 0.078125
2 0.859375 0.5442708333333334 0.25 0.109375