2 0.466796875 0.5775316455696202 0.10546875 0.7626582278481012
2 0.2578125 0.22626582278481014 0.0390625 0.3829113924050633
2 0.189453125 0.25 0.02734375 0.44936708860759494
2 0.68359375 0.3639240506329114 0.0546875 0.10759493670886076
2 0.79296875 0.5300632911392406 0.1328125 0.6550632911392406
2 0.837890625 0.04430379746835443 0.07421875 0.056962025316455694
2 0.947265625 0.07120253164556962 0.07421875 0.12341772151898735
2 0.609375 0.189873417721519 0.1328125 0.14556962025316456
2 0.345703125 0.44145569620253167 0.08203125 0.12974683544303797
2 0.326171875 0.8259493670886076 0.07421875 0.1518987341772152
2 0.216796875 0.8354430379746836 0.06640625 0.06329113924050633
2 0.61328125 0.9113924050632911 0.0859375 0.12658227848101267