2 0.40234375 0.2665441176470588 0.203125 0.5110294117647058
2 0.087890625 0.4319852941176471 0.08984375 0.16544117647058823
2 0.228515625 0.28125 0.06640625 0.04779411764705882
2 0.169921875 0.4227941176470588 0.03515625 0.08823529411764706
2 0.919921875 0.6139705882352942 0.08984375 0.11764705882352941
2 0.943359375 0.46139705882352944 0.10546875 0.1213235294117647
2 0.681640625 0.5 0.07421875 0.0661764705882353
2 0.865234375 0.08455882352941177 0.06640625 0.051470588235294115
2 0.693359375 0.04779411764705882 0.09765625 0.04411764705882353
2 0.841796875 0.7481617647058824 0.08203125 0.09926470588235294
2 0.931640625 0.8235294117647058 0.13671875 0.058823529411764705
2 0.55078125 0.9264705882352942 0.15625 0.08088235294117647