2 0.5546875 0.4622395833333333 0.1796875 0.4973958333333333
2 0.384765625 0.07421875 0.19140625 0.0859375
2 0.84765625 0.07942708333333333 0.1875 0.1015625
2 0.78515625 0.234375 0.1484375 0.109375
2 0.583984375 0.14453125 0.19140625 0.11197916666666667
2 0.3359375 0.30859375 0.21875 0.08072916666666667
2 0.359375 0.5182291666666666 0.125 0.19791666666666666
2 0.263671875 0.8059895833333334 0.15234375 0.1328125
2 0.361328125 0.91015625 0.29296875 0.08072916666666667
2 0.73046875 0.7447916666666666 0.171875 0.11979166666666667
2 0.7578125 0.5247395833333334 0.2421875 0.1015625
2 0.8046875 0.375 0.1328125 0.046875
2 0.6953125 0.8541666666666666 0.296875 0.020833333333333332
2 0.564453125 0.7578125 0.12890625 0.07291666666666667