2 0.75 0.2524154589371981 0.1328125 0.4468599033816425
2 0.544921875 0.25 0.23046875 0.2536231884057971
2 0.259765625 0.18357487922705315 0.12890625 0.13043478260869565
2 0.166015625 0.3671497584541063 0.09765625 0.15942028985507245
2 0.08203125 0.5543478260869565 0.15625 0.16666666666666666
2 0.78515625 0.5809178743961353 0.1328125 0.15217391304347827
2 0.8671875 0.751207729468599 0.0859375 0.14009661835748793
2 0.822265625 0.8840579710144928 0.06640625 0.1111111111111111
2 0.595703125 0.8128019323671497 0.09765625 0.1473429951690821
2 0.439453125 0.8321256038647343 0.11328125 0.21497584541062803
2 0.634765625 0.5893719806763285 0.12109375 0.1111111111111111
2 0.4140625 0.5 0.0546875 0.08695652173913043