0 0.423828125 0.2670753064798599 0.16015625 0.047285464098073555
0 0.416015625 0.30385288966725044 0.05859375 0.02276707530647986
0 0.1484375 0.21891418563922943 0.09375 0.04203152364273205
0 0.5 0.05604203152364273 0.1953125 0.07005253940455342
0 0.80078125 0.13922942206654992 0.0546875 0.0297723292469352
0 0.484375 0.21103327495621715 0.09375 0.03327495621716287
0 0.396484375 0.45359019264448336 0.05859375 0.017513134851138354
0 0.58203125 0.5788091068301225 0.0703125 0.0297723292469352
0 0.1015625 0.3231173380035026 0.0625 0.03327495621716287
0 0.267578125 0.46409807355516636 0.04296875 0.021015761821366025
0 0.53125 0.16112084063047286 0.046875 0.024518388791593695
0 0.587890625 0.11295971978984239 0.04296875 0.01926444833625219
