0 0.6328125 0.21058558558558557 0.1171875 0.06531531531531531
0 0.853515625 0.10472972972972973 0.13671875 0.07432432432432433
0 0.517578125 0.10247747747747747 0.04296875 0.0472972972972973
0 0.41015625 0.5371621621621622 0.1328125 0.07882882882882883
0 0.57421875 0.32319819819819817 0.0625 0.038288288288288286
0 0.46875 0.3975225225225225 0.0546875 0.038288288288288286
0 0.416015625 0.6745495495495496 0.08203125 0.0472972972972973
0 0.27734375 0.7004504504504504 0.0703125 0.05405405405405406
0 0.6328125 0.6058558558558559 0.0703125 0.04054054054054054
0 0.318359375 0.16891891891891891 0.08203125 0.02702702702702703
