0 0.423828125 0.3434959349593496 0.18359375 0.04878048780487805
0 0.12890625 0.3119918699186992 0.1015625 0.042682926829268296
0 0.35546875 0.057926829268292686 0.2421875 0.08739837398373984
0 0.755859375 0.14329268292682928 0.09765625 0.03861788617886179
0 0.455078125 0.26626016260162605 0.09765625 0.052845528455284556
0 0.515625 0.5477642276422765 0.0546875 0.034552845528455285
0 0.759765625 0.660569105691057 0.05859375 0.04471544715447155
0 0.154296875 0.44105691056910573 0.05859375 0.04471544715447155
0 0.4453125 0.3871951219512196 0.0703125 0.030487804878048783
0 0.408203125 0.5863821138211383 0.04296875 0.022357723577235776
0 0.498046875 0.11585365853658537 0.04296875 0.024390243902439025
0 0.4765625 0.19410569105691058 0.0546875 0.026422764227642278
0 0.564453125 0.5091463414634146 0.04296875 0.022357723577235776
