0 0.58203125 0.234375 0.046875 0.04513888888888889
0 0.46875 0.1111111111111111 0.0703125 0.05555555555555555
0 0.35546875 0.2222222222222222 0.0859375 0.08333333333333333
0 0.40234375 0.3142361111111111 0.0390625 0.03819444444444444
0 0.3359375 0.453125 0.0625 0.059027777777777776
0 0.20703125 0.3420138888888889 0.0390625 0.03125
0 0.158203125 0.3194444444444444 0.02734375 0.034722222222222224
0 0.498046875 0.3125 0.05078125 0.048611111111111105
0 0.4765625 0.2569444444444444 0.03125 0.034722222222222224
0 0.3828125 0.5208333333333333 0.046875 0.048611111111111105
0 0.33984375 0.5746527777777778 0.0625 0.059027777777777776
0 0.1796875 0.5451388888888888 0.1171875 0.11805555555555555
0 0.6171875 0.5555555555555556 0.0625 0.048611111111111105
0 0.486328125 0.47916666666666663 0.15234375 0.14583333333333331
0 0.53515625 0.6597222222222222 0.078125 0.0625
0 0.775390625 0.6527777777777778 0.07421875 0.05555555555555555
0 0.6484375 0.4288194444444444 0.03125 0.024305555555555552
0 0.337890625 0.6458333333333333 0.04296875 0.034722222222222224
0 0.423828125 0.8090277777777777 0.03515625 0.027777777777777776
0 0.708984375 0.2569444444444444 0.04296875 0.041666666666666664
0 0.787109375 0.33854166666666663 0.08984375 0.1284722222222222
0 0.732421875 0.3680555555555555 0.02734375 0.034722222222222224
0 0.609375 0.8472222222222222 0.03125 0.027777777777777776
0 0.6015625 0.626736111111111 0.0703125 0.07291666666666666
