1 0.501953125 0.43556085918854415 0.14453125 0.08353221957040573
1 0.1015625 0.4713603818615752 0.1171875 0.0739856801909308
1 0.25 0.2863961813842482 0.046875 0.03818615751789976
1 0.240234375 0.3317422434367542 0.04296875 0.028639618138424822
1 0.37109375 0.14439140811455847 0.078125 0.07875894988066826
1 0.279296875 0.6324582338902148 0.12109375 0.07159904534606205
1 0.169921875 0.717183770883055 0.09765625 0.08353221957040573
1 0.240234375 0.7840095465393795 0.09765625 0.06443914081145585
1 0.234375 0.5047732696897375 0.0703125 0.0405727923627685
1 0.03125 0.5489260143198091 0.0546875 0.04773269689737471
