1 0.646484375 0.16371681415929204 0.12890625 0.12094395280235988
1 0.48046875 0.1415929203539823 0.0546875 0.058997050147492625
1 0.376953125 0.4026548672566372 0.03515625 0.05014749262536873
1 0.525390625 0.40117994100294985 0.05078125 0.0471976401179941
1 0.580078125 0.28761061946902655 0.05078125 0.05014749262536873
1 0.4921875 0.5383480825958702 0.078125 0.061946902654867256
1 0.259765625 0.5958702064896755 0.05859375 0.0943952802359882
1 0.427734375 0.6342182890855457 0.06640625 0.05309734513274336
1 0.8125 0.504424778761062 0.03125 0.05309734513274336
1 0.744140625 0.21533923303834807 0.05078125 0.07079646017699115
1 0.6953125 0.6253687315634218 0.1171875 0.08259587020648967
1 0.478515625 0.7256637168141593 0.19140625 0.11799410029498525
1 0.36328125 0.8259587020648967 0.15625 0.10619469026548672
1 0.30859375 0.9454277286135693 0.171875 0.10914454277286136
