1 0.57421875 0.16507936507936508 0.3203125 0.27936507936507937
1 0.607421875 0.4174603174603175 0.16015625 0.2
1 0.564453125 0.5777777777777777 0.08984375 0.0761904761904762
1 0.43359375 0.6063492063492063 0.109375 0.0761904761904762
1 0.60546875 0.6492063492063492 0.078125 0.06031746031746032
1 0.3046875 0.3523809523809524 0.046875 0.06349206349206349
1 0.552734375 0.8158730158730159 0.09765625 0.08253968253968254
1 0.23046875 0.653968253968254 0.046875 0.044444444444444446
1 0.5234375 0.9650793650793651 0.125 0.06984126984126984
1 0.27734375 0.8031746031746032 0.0625 0.050793650793650794
1 0.353515625 0.9079365079365079 0.09765625 0.050793650793650794
1 0.44921875 0.8126984126984127 0.0625 0.0380952380952381
1 0.212890625 0.5920634920634921 0.13671875 0.09841269841269841
1 0.1015625 0.6777777777777778 0.0390625 0.03492063492063492
