1 0.486328125 0.3473282442748092 0.09765625 0.0534351145038168
1 0.46875 0.40712468193384227 0.078125 0.04580152671755726
1 0.291015625 0.6106870229007634 0.07421875 0.09160305343511452
1 0.373046875 0.657760814249364 0.05859375 0.058524173027989825
1 0.5078125 0.5470737913486006 0.109375 0.07124681933842239
1 0.490234375 0.6972010178117048 0.05078125 0.04580152671755726
1 0.48828125 0.801526717557252 0.046875 0.035623409669211195
1 0.62109375 0.7531806615776082 0.1328125 0.17302798982188297
1 0.78125 0.7659033078880407 0.078125 0.11704834605597965
1 0.701171875 0.940203562340967 0.16015625 0.11450381679389314
1 0.59375 0.3676844783715013 0.078125 0.058524173027989825
