1 0.4068441064638783 0.185546875 0.10646387832699619 0.16015625
1 0.46577946768060835 0.275390625 0.04182509505703422 0.08203125
1 0.48859315589353614 0.373046875 0.057034220532319393 0.05859375
1 0.5133079847908745 0.076171875 0.08365019011406843 0.07421875
1 0.5741444866920152 0.255859375 0.06844106463878327 0.06640625
1 0.12927756653992395 0.52734375 0.12167300380228137 0.09375
1 0.1634980988593156 0.615234375 0.10646387832699619 0.26953125
1 0.2965779467680608 0.73046875 0.1596958174904943 0.1875
1 0.18631178707224336 0.91796875 0.19011406844106463 0.0625
1 0.09125475285171103 0.8125 0.08365019011406843 0.140625
1 0.6958174904942965 0.205078125 0.09125475285171103 0.05859375
