1 0.439453125 0.36868686868686873 0.09765625 0.14646464646464646
1 0.505859375 0.125 0.05859375 0.04797979797979798
1 0.41015625 0.1388888888888889 0.140625 0.07575757575757576
1 0.26171875 0.22853535353535356 0.1953125 0.15909090909090912
1 0.212890625 0.3484848484848485 0.23828125 0.13636363636363638
1 0.181640625 0.43939393939393945 0.16796875 0.030303030303030304
1 0.2421875 0.5088383838383839 0.3125 0.11363636363636365
1 0.439453125 0.6325757575757577 0.14453125 0.09343434343434344
1 0.48828125 0.5176767676767677 0.0390625 0.05555555555555556
1 0.62890625 0.5025252525252526 0.171875 0.33333333333333337
1 0.60546875 0.7247474747474748 0.1015625 0.06565656565656566
1 0.33984375 0.7487373737373738 0.0546875 0.042929292929292935
1 0.509765625 0.8207070707070708 0.11328125 0.06565656565656566
1 0.82421875 0.7765151515151516 0.1171875 0.10858585858585859
1 0.771484375 0.8686868686868687 0.15234375 0.07575757575757576
1 0.580078125 0.21717171717171718 0.20703125 0.12626262626262627
