1 0.6640625 0.14015151515151517 0.1171875 0.10858585858585859
1 0.78125 0.16035353535353536 0.0703125 0.06313131313131314
1 0.4921875 0.13131313131313133 0.0390625 0.04040404040404041
1 0.408203125 0.35101010101010105 0.05859375 0.06060606060606061
1 0.560546875 0.4835858585858586 0.06640625 0.06313131313131314
1 0.57421875 0.3535353535353536 0.0546875 0.045454545454545456
1 0.61328125 0.25252525252525254 0.046875 0.04040404040404041
1 0.298828125 0.5252525252525253 0.06640625 0.10101010101010102
1 0.4921875 0.6376262626262627 0.0703125 0.15909090909090912
1 0.595703125 0.6654040404040404 0.12890625 0.0984848484848485
1 0.81640625 0.5542929292929294 0.140625 0.10858585858585859
1 0.9140625 0.40530303030303033 0.0625 0.04797979797979798
1 0.42578125 0.8636363636363638 0.21875 0.24242424242424243
