1 0.240234375 0.21616541353383456 0.12109375 0.15413533834586465
1 0.24609375 0.38345864661654133 0.1484375 0.15789473684210525
1 0.224609375 0.5093984962406015 0.15234375 0.10150375939849623
1 0.251953125 0.6428571428571428 0.19921875 0.15789473684210525
1 0.451171875 0.5469924812030075 0.19921875 0.15413533834586465
1 0.359375 0.19548872180451127 0.0625 0.09022556390977443
1 0.404296875 0.7462406015037594 0.19140625 0.10902255639097744
1 0.24609375 0.8026315789473684 0.125 0.14661654135338345
1 0.564453125 0.3383458646616541 0.16796875 0.18045112781954886
1 0.703125 0.6221804511278195 0.203125 0.31954887218045114
1 0.576171875 0.806390977443609 0.09765625 0.08646616541353383
1 0.66015625 0.9492481203007518 0.0859375 0.06390977443609022
