1 0.4453125 0.3703703703703704 0.0859375 0.07977207977207977
1 0.396484375 0.17521367521367523 0.08203125 0.07692307692307693
1 0.619140625 0.23361823361823364 0.13671875 0.15384615384615385
1 0.62890625 0.3475783475783476 0.0859375 0.06267806267806268
1 0.244140625 0.22222222222222224 0.07421875 0.05698005698005698
1 0.244140625 0.3162393162393163 0.15234375 0.10256410256410257
1 0.22265625 0.4743589743589744 0.078125 0.07122507122507123
1 0.5546875 0.4572649572649573 0.078125 0.05413105413105413
1 0.74609375 0.5256410256410257 0.1015625 0.07122507122507123
1 0.4453125 0.6011396011396012 0.3125 0.10256410256410257
1 0.720703125 0.7094017094017094 0.14453125 0.07977207977207977
