1 0.603515625 0.2611731843575419 0.06640625 0.04748603351955307
1 0.70703125 0.29608938547486036 0.0703125 0.0558659217877095
1 0.591796875 0.4371508379888268 0.08984375 0.11452513966480447
1 0.716796875 0.5041899441340782 0.09765625 0.05865921787709497
1 0.599609375 0.5600558659217877 0.08984375 0.06424581005586592
1 0.474609375 0.5726256983240223 0.05859375 0.0446927374301676
1 0.529296875 0.7192737430167598 0.18359375 0.20391061452513967
1 0.80078125 0.75 0.1796875 0.08659217877094973
1 0.658203125 0.8240223463687151 0.10546875 0.0670391061452514
1 0.5390625 0.9175977653631285 0.0859375 0.05307262569832402
