1 0.58203125 0.1346749226006192 0.140625 0.1021671826625387
1 0.66796875 0.15789473684210528 0.078125 0.04953560371517028
1 0.45703125 0.17647058823529413 0.109375 0.14241486068111456
1 0.32421875 0.24613003095975233 0.1796875 0.11455108359133127
1 0.267578125 0.35294117647058826 0.21484375 0.10526315789473685
1 0.451171875 0.40247678018575855 0.10546875 0.19814241486068113
1 0.193359375 0.45665634674922606 0.12109375 0.07120743034055728
1 0.310546875 0.4969040247678019 0.14453125 0.17647058823529413
1 0.455078125 0.5743034055727555 0.05078125 0.052631578947368425
1 0.37109375 0.653250773993808 0.125 0.0804953560371517
1 0.611328125 0.4969040247678019 0.12890625 0.08978328173374614
1 0.548828125 0.65015479876161 0.13671875 0.21671826625386997
1 0.2421875 0.7213622291021672 0.0625 0.04953560371517028
1 0.35546875 0.8219814241486069 0.0859375 0.07120743034055728
1 0.60546875 0.8777089783281734 0.109375 0.11455108359133127
1 0.54296875 0.9256965944272446 0.09375 0.061919504643962855
