1 0.609375 0.32396088019559904 0.0703125 0.04156479217603912
1 0.55859375 0.08924205378973105 0.0546875 0.02689486552567237
1 0.283203125 0.37775061124694376 0.13671875 0.09046454767726161
1 0.453125 0.45354523227383864 0.203125 0.13447432762836187
1 0.310546875 0.5244498777506112 0.11328125 0.08068459657701711
1 0.37890625 0.5941320293398533 0.078125 0.06845965770171149
1 0.1953125 0.6100244498777506 0.078125 0.09535452322738386
1 0.58984375 0.6919315403422983 0.0703125 0.05378973105134474
1 0.767578125 0.7371638141809291 0.15234375 0.08068459657701711
1 0.296875 0.9229828850855746 0.1015625 0.061124694376528114
