1 0.681640625 0.21266968325791857 0.15234375 0.14932126696832582
1 0.4609375 0.22058823529411767 0.1640625 0.21040723981900455
1 0.38671875 0.47737556561085975 0.1171875 0.10407239819004525
1 0.55859375 0.4547511312217195 0.2109375 0.26696832579185525
1 0.451171875 0.8076923076923077 0.38671875 0.28054298642533937
1 0.8125 0.40158371040723984 0.265625 0.12895927601809956
1 0.8046875 0.501131221719457 0.28125 0.07466063348416291
1 0.828125 0.5667420814479639 0.1328125 0.05203619909502263
1 0.5859375 0.6323529411764707 0.171875 0.07466063348416291
1 0.72265625 0.7364253393665159 0.125 0.2058823529411765
