1 0.57421875 0.41002949852507375 0.1015625 0.14749262536873156
1 0.728515625 0.3185840707964602 0.07421875 0.0471976401179941
1 0.49609375 0.2831858407079646 0.078125 0.08849557522123894
1 0.47265625 0.415929203539823 0.046875 0.07669616519174041
1 0.38671875 0.4469026548672566 0.0703125 0.07374631268436578
1 0.4765625 0.5029498525073747 0.046875 0.061946902654867256
1 0.560546875 0.6651917404129793 0.07421875 0.038348082595870206
1 0.69921875 0.7359882005899705 0.140625 0.09144542772861357
1 0.759765625 0.668141592920354 0.08984375 0.06784660766961652
1 0.162109375 0.8348082595870207 0.18359375 0.08849557522123894
1 0.31640625 0.9085545722713864 0.0859375 0.05309734513274336
