1 0.310546875 0.2532188841201717 0.16796875 0.08583690987124463
1 0.453125 0.25 0.078125 0.10085836909871244
1 0.310546875 0.3208154506437768 0.06640625 0.04935622317596566
1 0.19921875 0.41201716738197425 0.0703125 0.034334763948497854
1 0.3984375 0.4270386266094421 0.109375 0.06437768240343347
1 0.494140625 0.48283261802575106 0.08203125 0.03862660944206009
1 0.326171875 0.5171673819742489 0.13671875 0.08583690987124463
1 0.4765625 0.572961373390558 0.1953125 0.1072961373390558
1 0.28515625 0.6030042918454935 0.2109375 0.10300429184549356
1 0.26953125 0.6856223175965666 0.1015625 0.0536480686695279
1 0.416015625 0.6781115879828327 0.09765625 0.047210300429184546
1 0.677734375 0.778969957081545 0.07421875 0.05150214592274678
