1 0.53515625 0.3103896103896104 0.0859375 0.05454545454545454
1 0.560546875 0.09350649350649351 0.08203125 0.07272727272727272
1 0.513671875 0.2077922077922078 0.05859375 0.046753246753246755
1 0.375 0.42077922077922075 0.2734375 0.3168831168831169
1 0.69140625 0.3090909090909091 0.078125 0.05194805194805195
1 0.72265625 0.4155844155844156 0.0859375 0.05714285714285714
1 0.8671875 0.4701298701298701 0.0625 0.04155844155844156
1 0.607421875 0.5766233766233766 0.06640625 0.046753246753246755
1 0.3984375 0.7974025974025974 0.078125 0.046753246753246755
1 0.20703125 0.7662337662337663 0.0859375 0.046753246753246755
1 0.833984375 0.41818181818181815 0.05859375 0.046753246753246755
1 0.5234375 0.8038961038961039 0.046875 0.02857142857142857
