1 0.56640625 0.25980392156862747 0.0390625 0.045098039215686274
1 0.609375 0.3686274509803922 0.125 0.08235294117647059
1 0.455078125 0.35490196078431374 0.14453125 0.0392156862745098
1 0.521484375 0.49019607843137253 0.11328125 0.06274509803921569
1 0.490234375 0.5911764705882353 0.22265625 0.06862745098039216
1 0.310546875 0.6274509803921569 0.16796875 0.09019607843137255
1 0.5078125 0.696078431372549 0.265625 0.09411764705882353
1 0.8046875 0.5333333333333333 0.3046875 0.12941176470588234
1 0.80859375 0.6872549019607843 0.0703125 0.052941176470588235
1 0.42578125 0.8294117647058823 0.1640625 0.09019607843137255
1 0.248046875 0.8519607843137255 0.11328125 0.056862745098039215
