1 0.59765625 0.44494047619047616 0.484375 0.19345238095238093
1 0.4921875 0.6279761904761905 0.3125 0.15476190476190477
1 0.6875 0.581845238095238 0.0703125 0.050595238095238096
1 0.244140625 0.9226190476190476 0.28515625 0.09523809523809523
1 0.166015625 0.712797619047619 0.17578125 0.11011904761904762
1 0.05859375 0.8110119047619048 0.109375 0.0744047619047619
1 0.22265625 0.5729166666666666 0.15625 0.14583333333333331
1 0.47265625 0.8273809523809523 0.21875 0.10119047619047619
1 0.66796875 0.71875 0.140625 0.11607142857142856
1 0.451171875 0.7455357142857142 0.15234375 0.06845238095238095
