1 0.427734375 0.29797979797979796 0.12109375 0.10437710437710437
1 0.3046875 0.10437710437710437 0.1640625 0.09427609427609428
1 0.33203125 0.15824915824915825 0.1015625 0.05387205387205387
1 0.330078125 0.22390572390572389 0.10546875 0.07744107744107744
1 0.234375 0.4848484848484848 0.0859375 0.08754208754208753
1 0.435546875 0.45959595959595956 0.13671875 0.15824915824915825
1 0.73046875 0.47474747474747475 0.0703125 0.0808080808080808
1 0.6171875 0.20875420875420875 0.1328125 0.09427609427609428
1 0.615234375 0.3047138047138047 0.08203125 0.06397306397306397
1 0.591796875 0.4579124579124579 0.06640625 0.05387205387205387
1 0.5234375 0.6313131313131313 0.2578125 0.09090909090909091
1 0.291015625 0.6228956228956228 0.08984375 0.1414141414141414
1 0.373046875 0.6986531986531986 0.05859375 0.06397306397306397
1 0.587890625 0.7828282828282828 0.19921875 0.10437710437710437
1 0.763671875 0.6868686868686869 0.11328125 0.0808080808080808
