1 0.75390625 0.3101694915254237 0.125 0.06440677966101695
1 0.458984375 0.288135593220339 0.11328125 0.08813559322033898
1 0.287109375 0.39999999999999997 0.07421875 0.10169491525423728
1 0.40234375 0.4389830508474576 0.0625 0.04406779661016949
1 0.404296875 0.4966101694915254 0.05859375 0.04406779661016949
1 0.45703125 0.5983050847457627 0.09375 0.0983050847457627
1 0.33203125 0.6711864406779661 0.140625 0.1423728813559322
1 0.193359375 0.623728813559322 0.08203125 0.17627118644067796
1 0.291015625 0.8169491525423729 0.28515625 0.17627118644067796
1 0.689453125 0.4186440677966102 0.04296875 0.04406779661016949
1 0.60546875 0.4830508474576271 0.1328125 0.04406779661016949
