1 0.15234375 0.2867647058823529 0.1953125 0.2867647058823529
1 0.314453125 0.29963235294117646 0.19921875 0.11397058823529412
1 0.357421875 0.13051470588235295 0.12109375 0.16544117647058823
1 0.568359375 0.33455882352941174 0.26953125 0.34558823529411764
1 0.25390625 0.4742647058823529 0.234375 0.0661764705882353
1 0.201171875 0.5533088235294118 0.11328125 0.09926470588235294
1 0.666015625 0.7591911764705882 0.10546875 0.07720588235294118
1 0.48828125 0.7389705882352942 0.078125 0.051470588235294115
1 0.494140625 0.5588235294117647 0.12890625 0.125
1 0.662109375 0.6029411764705882 0.06640625 0.0661764705882353
1 0.880859375 0.5477941176470588 0.11328125 0.10294117647058823
