1 0.447265625 0.2671875 0.08984375 0.065625
1 0.478515625 0.34218750000000003 0.05078125 0.10312500000000001
1 0.640625 0.19375 0.203125 0.1125
1 0.578125 0.08750000000000001 0.1796875 0.06875
1 0.44140625 0.1375 0.109375 0.1125
1 0.357421875 0.1796875 0.11328125 0.09062500000000001
1 0.294921875 0.2484375 0.19140625 0.146875
1 0.25 0.39687500000000003 0.21875 0.09375
1 0.326171875 0.43125 0.13671875 0.15000000000000002
1 0.240234375 0.3328125 0.08984375 0.034375
1 0.37890625 0.5828125000000001 0.125 0.096875
1 0.48046875 0.5328125 0.0703125 0.12812500000000002
1 0.587890625 0.43281250000000004 0.12890625 0.22187500000000002
1 0.552734375 0.6046875 0.16015625 0.12812500000000002
1 0.484375 0.7140625 0.09375 0.078125
1 0.24609375 0.6843750000000001 0.078125 0.05
1 0.35546875 0.7921875 0.09375 0.07187500000000001
1 0.548828125 0.909375 0.12109375 0.09375
1 0.62890625 0.8203125 0.078125 0.109375
