1 0.482421875 0.310580204778157 0.12109375 0.10238907849829351
1 0.318359375 0.15358361774744028 0.12109375 0.09556313993174062
1 0.400390625 0.23208191126279865 0.05078125 0.05460750853242321
1 0.201171875 0.28498293515358364 0.07421875 0.08532423208191127
1 0.3203125 0.27986348122866894 0.09375 0.09556313993174062
1 0.39453125 0.3771331058020478 0.15625 0.10580204778156997
1 0.556640625 0.5614334470989761 0.08984375 0.051194539249146756
1 0.72265625 0.5921501706484642 0.1640625 0.11262798634812286
1 0.7578125 0.48293515358361777 0.109375 0.07167235494880546
1 0.23046875 0.8600682593856656 0.109375 0.10921501706484642
