1 0.455078125 0.4358974358974359 0.15234375 0.15384615384615385
1 0.3203125 0.21474358974358973 0.1015625 0.05128205128205128
1 0.306640625 0.1362179487179487 0.08203125 0.05448717948717949
1 0.44140625 0.28205128205128205 0.125 0.11538461538461538
1 0.275390625 0.47275641025641024 0.08203125 0.0673076923076923
1 0.330078125 0.5737179487179487 0.08984375 0.05769230769230769
1 0.30859375 0.641025641025641 0.0703125 0.07692307692307693
1 0.5546875 0.6057692307692307 0.2734375 0.08974358974358974
1 0.6328125 0.2692307692307692 0.109375 0.05769230769230769
1 0.625 0.17307692307692307 0.09375 0.07692307692307693
