1 0.37890625 0.2572992700729927 0.109375 0.07664233576642336
1 0.234375 0.3722627737226277 0.09375 0.08759124087591241
1 0.23828125 0.5018248175182481 0.2265625 0.11313868613138686
1 0.275390625 0.6897810218978102 0.11328125 0.0948905109489051
1 0.494140625 0.47992700729927007 0.09765625 0.08394160583941605
1 0.623046875 0.5675182481751825 0.10546875 0.07664233576642336
1 0.673828125 0.7116788321167883 0.12890625 0.08029197080291971
1 0.57421875 0.7317518248175182 0.0859375 0.06204379562043796
1 0.869140625 0.8047445255474452 0.13671875 0.06934306569343066
1 0.8671875 0.6131386861313869 0.109375 0.058394160583941604
1 0.669921875 0.41605839416058393 0.06640625 0.058394160583941604
1 0.673828125 0.3375912408759124 0.08203125 0.04744525547445255
1 0.568359375 0.24452554744525545 0.09765625 0.058394160583941604
