1 0.306640625 0.28910614525139666 0.09765625 0.05307262569832402
1 0.3828125 0.38268156424581007 0.140625 0.11731843575418995
1 0.34765625 0.5125698324022346 0.1015625 0.04748603351955307
1 0.4296875 0.2946927374301676 0.0390625 0.030726256983240226
1 0.48828125 0.5069832402234637 0.1796875 0.12011173184357542
1 0.650390625 0.4692737430167598 0.08984375 0.08379888268156425
1 0.6328125 0.590782122905028 0.09375 0.05865921787709497
1 0.58203125 0.6815642458100559 0.125 0.1452513966480447
1 0.41796875 0.7094972067039106 0.078125 0.06145251396648045
1 0.248046875 0.7304469273743017 0.06640625 0.05307262569832402
1 0.35546875 0.6229050279329609 0.0703125 0.05027932960893855
1 0.65625 0.8603351955307262 0.15625 0.1340782122905028
1 0.82421875 0.8491620111731844 0.1484375 0.11731843575418995
1 0.8671875 0.9608938547486033 0.109375 0.06145251396648045
1 0.435546875 0.8519553072625698 0.08984375 0.0558659217877095
1 0.7265625 0.9748603351955307 0.1171875 0.05027932960893855
