1 0.671875 0.3273542600896861 0.1171875 0.06726457399103139
1 0.439453125 0.34080717488789236 0.12890625 0.06726457399103139
1 0.341796875 0.437219730941704 0.22265625 0.1210762331838565
1 0.236328125 0.5751121076233183 0.13671875 0.08744394618834081
1 0.103515625 0.7376681614349776 0.14453125 0.08520179372197309
1 0.3046875 0.7298206278026905 0.109375 0.05605381165919283
1 0.439453125 0.7645739910313901 0.19140625 0.053811659192825115
1 0.6015625 0.7746636771300448 0.140625 0.07399103139013453
1 0.669921875 0.6446188340807175 0.08984375 0.07847533632286996
1 0.6015625 0.5257847533632287 0.1015625 0.0695067264573991
1 0.818359375 0.5526905829596412 0.09765625 0.06502242152466367
1 0.876953125 0.484304932735426 0.08984375 0.04932735426008968
1 0.845703125 0.3733183856502242 0.07421875 0.06053811659192825
1 0.87109375 0.7982062780269058 0.109375 0.07174887892376682
1 0.73828125 0.9585201793721972 0.15625 0.08295964125560538
