1 0.578125 0.19961977186311786 0.0546875 0.049429657794676805
1 0.708984375 0.16159695817490494 0.06640625 0.07224334600760456
1 0.6171875 0.279467680608365 0.0390625 0.049429657794676805
1 0.599609375 0.35361216730038025 0.05859375 0.060836501901140684
1 0.62109375 0.4619771863117871 0.140625 0.08745247148288973
1 0.478515625 0.5190114068441065 0.07421875 0.12547528517110265
1 0.58984375 0.5722433460076045 0.078125 0.057034220532319393
1 0.42578125 0.7319391634980988 0.3515625 0.13307984790874525
1 0.388671875 0.4144486692015209 0.16015625 0.12167300380228137
1 0.82421875 0.2338403041825095 0.0703125 0.057034220532319393
1 0.791015625 0.3155893536121673 0.04296875 0.053231939163498096
1 0.71875 0.35361216730038025 0.078125 0.045627376425855515
