1 0.31640625 0.1991643454038997 0.1484375 0.12534818941504178
1 0.5625 0.1392757660167131 0.0703125 0.06128133704735376
1 0.474609375 0.25069637883008355 0.11328125 0.1671309192200557
1 0.3046875 0.3286908077994429 0.0546875 0.0947075208913649
1 0.1953125 0.4331476323119777 0.0703125 0.07520891364902507
1 0.37890625 0.47075208913649025 0.0703125 0.06685236768802229
1 0.416015625 0.5571030640668524 0.05859375 0.04456824512534819
1 0.2890625 0.5779944289693594 0.109375 0.11420612813370473
1 0.384765625 0.6643454038997214 0.12109375 0.10863509749303621
1 0.244140625 0.7116991643454039 0.16015625 0.17548746518105848
1 0.1953125 0.7743732590529248 0.0625 0.055710306406685235
1 0.4296875 0.8328690807799443 0.0390625 0.05013927576601671
