1 0.451171875 0.47857142857142854 0.07421875 0.07857142857142857
1 0.369140625 0.44285714285714284 0.06640625 0.06428571428571428
1 0.306640625 0.3892857142857143 0.05859375 0.049999999999999996
1 0.521484375 0.21964285714285714 0.07421875 0.060714285714285714
1 0.294921875 0.2571428571428571 0.05859375 0.049999999999999996
1 0.15234375 0.2982142857142857 0.1015625 0.039285714285714285
1 0.201171875 0.19464285714285715 0.04296875 0.024999999999999998
1 0.193359375 0.12142857142857143 0.05078125 0.03571428571428571
1 0.572265625 0.7857142857142857 0.08203125 0.05714285714285714
1 0.349609375 0.8624999999999999 0.07421875 0.05357142857142857
1 0.64453125 0.19107142857142856 0.0546875 0.04642857142857143
1 0.55078125 0.4303571428571428 0.0703125 0.04642857142857143
1 0.4140625 0.15 0.046875 0.07142857142857142
