1 0.251953125 0.42768595041322316 0.33203125 0.2768595041322314
1 0.625 0.6642561983471075 0.3984375 0.22933884297520662
1 0.875 0.5258264462809917 0.1640625 0.1756198347107438
1 0.6796875 0.2582644628099174 0.3515625 0.14462809917355374
1 0.654296875 0.36260330578512395 0.15234375 0.06404958677685951
1 0.8515625 0.39359504132231404 0.1796875 0.06404958677685951
1 0.708984375 0.49483471074380164 0.19921875 0.10950413223140495
1 0.20703125 0.768595041322314 0.15625 0.2644628099173554
1 0.4140625 0.7995867768595042 0.21875 0.3677685950413223
1 0.888671875 0.7944214876033058 0.07421875 0.04338842975206612
