1 0.5234375 0.21035598705501618 0.3984375 0.2394822006472492
1 0.556640625 0.30258899676375406 0.12109375 0.08737864077669903
1 0.57421875 0.39482200647249194 0.109375 0.10355987055016182
1 0.267578125 0.36569579288025894 0.13671875 0.07766990291262137
1 0.40625 0.42071197411003236 0.1484375 0.1877022653721683
1 0.2109375 0.6601941747572816 0.0703125 0.07766990291262137
1 0.2734375 0.7799352750809062 0.09375 0.09061488673139159
1 0.4296875 0.7281553398058253 0.0859375 0.08414239482200647
1 0.384765625 0.5970873786407768 0.13671875 0.11326860841423948
1 0.56640625 0.6294498381877023 0.203125 0.1650485436893204
1 0.689453125 0.4724919093851133 0.16015625 0.13592233009708737
1 0.75 0.29449838187702265 0.1796875 0.12297734627831716
1 0.568359375 0.8398058252427185 0.09765625 0.1197411003236246
1 0.435546875 0.9029126213592233 0.16015625 0.07766990291262137
