1 0.48046875 0.4244604316546763 0.1328125 0.11510791366906475
1 0.56640625 0.47482014388489213 0.0546875 0.05035971223021583
1 0.619140625 0.41906474820143885 0.05859375 0.0683453237410072
1 0.3203125 0.3273381294964029 0.09375 0.08633093525179857
1 0.26171875 0.41007194244604317 0.125 0.09352517985611511
1 0.25 0.47482014388489213 0.0859375 0.10791366906474821
1 0.357421875 0.60431654676259 0.14453125 0.10071942446043167
1 0.529296875 0.6762589928057554 0.24609375 0.14388489208633093
1 0.63671875 0.6007194244604317 0.0625 0.05755395683453238
1 0.4453125 0.5323741007194245 0.203125 0.08633093525179857
1 0.73046875 0.8309352517985612 0.0703125 0.05755395683453238
