2 0.5234375 0.4554140127388535 0.0625 0.03184713375796178
2 0.671875 0.4543524416135881 0.0625 0.04670912951167728
2 0.791015625 0.4723991507430998 0.08203125 0.027600849256900213
2 0.4375 0.46284501061571126 0.0703125 0.04246284501061571
2 0.322265625 0.5573248407643312 0.05859375 0.036093418259023353
2 0.498046875 0.5636942675159236 0.06640625 0.027600849256900213
2 0.650390625 0.5562632696390658 0.07421875 0.04246284501061571
2 0.771484375 0.6220806794055201 0.12109375 0.03821656050955414
2 0.619140625 0.6634819532908705 0.09765625 0.044585987261146494
2 0.3984375 0.786624203821656 0.078125 0.036093418259023353
2 0.48828125 0.6878980891719745 0.078125 0.029723991507430998
