2 0.4296875 0.49339933993399343 0.1015625 0.04950495049504951
2 0.509765625 0.3778877887788779 0.05078125 0.0429042904290429
2 0.302734375 0.5544554455445545 0.06640625 0.033003300330033
2 0.248046875 0.6006600660066007 0.05859375 0.026402640264026403
2 0.326171875 0.6353135313531353 0.05078125 0.036303630363036306
2 0.388671875 0.6930693069306931 0.06640625 0.04620462046204621
2 0.6171875 0.665016501650165 0.1875 0.07590759075907591
2 0.521484375 0.7871287128712872 0.05078125 0.036303630363036306
2 0.52734375 0.8547854785478548 0.0546875 0.04620462046204621
2 0.3828125 0.8943894389438944 0.0625 0.039603960396039604
