2 0.443359375 0.6002710027100271 0.06640625 0.04065040650406504
2 0.740234375 0.5718157181571816 0.07421875 0.03252032520325203
2 0.474609375 0.3997289972899729 0.09765625 0.04065040650406504
2 0.71875 0.33062330623306235 0.0390625 0.02168021680216802
2 0.45703125 0.47560975609756095 0.1171875 0.04607046070460705
2 0.357421875 0.6368563685636857 0.06640625 0.037940379403794036
2 0.4609375 0.7168021680216802 0.0546875 0.02981029810298103
2 0.5390625 0.7452574525745257 0.046875 0.037940379403794036
2 0.720703125 0.7317073170731707 0.06640625 0.07046070460704607
2 0.599609375 0.8617886178861789 0.12109375 0.037940379403794036
