2 0.412109375 0.30314009661835745 0.05859375 0.03140096618357488
2 0.328125 0.36714975845410625 0.09375 0.043478260869565216
2 0.396484375 0.42874396135265697 0.08203125 0.021739130434782608
2 0.404296875 0.47101449275362317 0.08203125 0.043478260869565216
2 0.544921875 0.39492753623188404 0.06640625 0.04589371980676328
2 0.720703125 0.3792270531400966 0.05078125 0.043478260869565216
2 0.345703125 0.29830917874396135 0.04296875 0.041062801932367145
2 0.189453125 0.4275362318840579 0.05078125 0.04830917874396135
2 0.318359375 0.4722222222222222 0.05078125 0.036231884057971016
2 0.40234375 0.572463768115942 0.0625 0.033816425120772944
2 0.35546875 0.7632850241545893 0.0546875 0.03864734299516908
