2 0.654296875 0.20823244552058112 0.08203125 0.04842615012106538
2 0.6015625 0.28087167070217917 0.078125 0.01937046004842615
2 0.6484375 0.35714285714285715 0.09375 0.07506053268765134
2 0.703125 0.38861985472154964 0.0703125 0.07990314769975787
2 0.607421875 0.46973365617433416 0.16015625 0.07263922518159807
2 0.693359375 0.589588377723971 0.08984375 0.07990314769975787
2 0.5 0.6016949152542374 0.0390625 0.06053268765133172
2 0.716796875 0.6791767554479419 0.06640625 0.026634382566585957
2 0.6171875 0.7021791767554479 0.0703125 0.0387409200968523
2 0.587890625 0.7530266343825667 0.05859375 0.02421307506053269
2 0.66796875 0.8123486682808717 0.0703125 0.026634382566585957
2 0.634765625 0.5423728813559322 0.06640625 0.0387409200968523
2 0.49609375 0.23607748184019373 0.0546875 0.036319612590799036
2 0.482421875 0.3619854721549637 0.08203125 0.026634382566585957
2 0.470703125 0.7869249394673123 0.07421875 0.0387409200968523
