2 0.16533864541832669 0.23353293413173654 0.12350597609561753 0.14371257485029942
2 0.31274900398406374 0.21107784431137727 0.16334661354581673 0.17664670658682635
2 0.33665338645418325 0.33982035928143717 0.12350597609561753 0.038922155688622756
2 0.08764940239043825 0.534431137724551 0.14342629482071712 0.1407185628742515
2 0.053784860557768925 0.375748502994012 0.09163346613545817 0.062874251497006
2 0.1852589641434263 0.405688622754491 0.08366533864541832 0.05089820359281438
2 0.3665338645418327 0.44610778443113774 0.20717131474103584 0.14970059880239522
2 0.7370517928286853 0.38922155688622756 0.18326693227091634 0.10179640718562875
2 0.8446215139442231 0.2784431137724551 0.09561752988047809 0.07784431137724551
2 0.5697211155378485 0.21407185628742517 0.12749003984063745 0.062874251497006
2 0.6155378486055777 0.28592814371257486 0.20318725099601592 0.11077844311377247
2 0.5179282868525896 0.14520958083832336 0.11952191235059761 0.056886227544910184
2 0.41035856573705176 0.17365269461077845 0.07171314741035856 0.035928143712574856
2 0.21912350597609562 0.7949101796407186 0.2151394422310757 0.15868263473053892
2 0.4402390438247012 0.6317365269461078 0.36254980079681276 0.16766467065868265
2 0.8824701195219123 0.6137724550898204 0.1952191235059761 0.17365269461077845
2 0.5876494023904383 0.47754491017964074 0.09163346613545817 0.056886227544910184
2 0.7649402390438247 0.4850299401197605 0.24701195219123506 0.07784431137724551
2 0.6693227091633466 0.7290419161676647 0.09561752988047809 0.05089820359281438
2 0.6852589641434262 0.8173652694610779 0.23904382470119523 0.08982035928143713
2 0.3844621513944223 0.8847305389221557 0.043824701195219126 0.04491017964071856
2 0.7231075697211156 0.595808383233533 0.099601593625498 0.07185628742514971
