2 0.703125 0.26190476190476186 0.1015625 0.07738095238095238
2 0.521484375 0.38690476190476186 0.17578125 0.11904761904761904
2 0.380859375 0.5416666666666666 0.06640625 0.047619047619047616
2 0.328125 0.6845238095238095 0.109375 0.047619047619047616
2 0.267578125 0.5788690476190476 0.05859375 0.09821428571428571
2 0.4140625 0.744047619047619 0.09375 0.047619047619047616
2 0.365234375 0.8883928571428571 0.07421875 0.03869047619047619
2 0.431640625 0.9330357142857142 0.06640625 0.04464285714285714
2 0.7578125 0.5684523809523809 0.1171875 0.05952380952380952
2 0.484375 0.5104166666666666 0.078125 0.050595238095238096
