2 0.462890625 0.1879271070615034 0.06640625 0.05239179954441913
2 0.671875 0.26765375854214124 0.046875 0.025056947608200455
2 0.537109375 0.33712984054669703 0.05859375 0.06378132118451024
2 0.64453125 0.34965831435079725 0.046875 0.0296127562642369
2 0.64453125 0.4749430523917995 0.0546875 0.03416856492027335
2 0.548828125 0.45899772209567197 0.04296875 0.025056947608200455
2 0.33984375 0.5079726651480637 0.09375 0.02733485193621868
2 0.49609375 0.5227790432801822 0.046875 0.0296127562642369
2 0.55859375 0.5956719817767654 0.0859375 0.03416856492027335
2 0.470703125 0.6207289293849658 0.06640625 0.0797266514806378
2 0.71484375 0.6241457858769931 0.0703125 0.03189066059225512
