2 0.27091633466135456 0.1377245508982036 0.07171314741035856 0.035928143712574856
2 0.16135458167330677 0.22754491017964074 0.12350597609561753 0.14371257485029942
2 0.33067729083665337 0.24251497005988026 0.11952191235059761 0.10778443113772455
2 0.6254980079681275 0.26796407185628746 0.1593625498007968 0.15269461077844312
2 0.7071713147410359 0.405688622754491 0.07569721115537849 0.04491017964071856
2 0.7131474103585658 0.48652694610778446 0.11155378486055777 0.062874251497006
2 0.9123505976095617 0.6152694610778443 0.16733067729083664 0.1407185628742515
2 0.7948207171314741 0.405688622754491 0.06772908366533864 0.038922155688622756
2 0.848605577689243 0.27095808383233533 0.055776892430278883 0.05089820359281438
2 0.37649402390438247 0.437125748502994 0.250996015936255 0.1317365269461078
2 0.398406374501992 0.7290419161676647 0.50199203187251 0.3023952095808383
2 0.6752988047808764 0.8233532934131736 0.18725099601593626 0.059880239520958084
2 0.6633466135458167 0.7275449101796407 0.099601593625498 0.04790419161676647
2 0.07768924302788845 0.5239520958083833 0.09163346613545817 0.10179640718562875
2 0.061752988047808766 0.38323353293413176 0.07569721115537849 0.059880239520958084
2 0.18326693227091634 0.4176646706586827 0.06374501992031872 0.056886227544910184
2 0.32270916334661354 0.34281437125748504 0.08764940239043825 0.03293413173652695
2 0.5099601593625498 0.14970059880239522 0.0796812749003984 0.04790419161676647
2 0.5856573705179283 0.47305389221556887 0.0796812749003984 0.05389221556886228
2 0.8286852589641434 0.4910179640718563 0.06374501992031872 0.04191616766467066
2 0.7191235059760956 0.5913173652694611 0.09163346613545817 0.05089820359281438
