0 0.359375 0.12529550827423167 0.1015625 0.05200945626477541
0 0.39453125 0.3073286052009456 0.0703125 0.0425531914893617
0 0.416015625 0.2364066193853428 0.04296875 0.02364066193853428
0 0.490234375 0.19621749408983452 0.03515625 0.02364066193853428
0 0.658203125 0.4349881796690307 0.13671875 0.04728132387706856
0 0.630859375 0.5059101654846335 0.12109375 0.07092198581560283
0 0.736328125 0.47399527186761226 0.05078125 0.030732860520094562
0 0.806640625 0.5059101654846335 0.10546875 0.03309692671394799
0 0.255859375 0.41371158392434987 0.05078125 0.028368794326241134
0 0.26953125 0.3416075650118203 0.046875 0.026004728132387706
0 0.142578125 0.367612293144208 0.03515625 0.02127659574468085
0 0.69921875 0.6843971631205673 0.0625 0.04018912529550828
0 0.884765625 0.5472813238770685 0.04296875 0.026004728132387706
0 0.71875 0.7978723404255319 0.0546875 0.04018912529550828
0 0.712890625 0.3534278959810875 0.05078125 0.026004728132387706
0 0.775390625 0.33687943262411346 0.03515625 0.026004728132387706
0 0.751953125 0.28723404255319146 0.05078125 0.026004728132387706
0 0.322265625 0.6820330969267139 0.09765625 0.026004728132387706
0 0.7890625 0.7092198581560284 0.0390625 0.02364066193853428
