2 0.41015625 0.18312757201646093 0.1015625 0.08641975308641976
2 0.462890625 0.3436213991769548 0.12890625 0.13168724279835392
2 0.306640625 0.3930041152263375 0.18359375 0.1440329218106996
2 0.373046875 0.5123456790123457 0.07421875 0.05761316872427984
2 0.587890625 0.3168724279835391 0.05078125 0.03703703703703704
2 0.609375 0.39506172839506176 0.078125 0.0617283950617284
2 0.69921875 0.360082304526749 0.0625 0.02880658436213992
2 0.6484375 0.6358024691358025 0.1171875 0.09465020576131689
2 0.59765625 0.5102880658436214 0.1171875 0.05349794238683128
2 0.390625 0.6039094650205762 0.1171875 0.04320987654320988
2 0.384765625 0.6851851851851852 0.21484375 0.05349794238683128
2 0.34375 0.7829218106995885 0.1640625 0.08436213991769548
