2 0.62109375 0.2605633802816901 0.0546875 0.11267605633802817
2 0.685546875 0.426056338028169 0.04296875 0.09154929577464789
2 0.765625 0.397887323943662 0.0390625 0.09154929577464789
2 0.859375 0.323943661971831 0.0546875 0.08450704225352113
2 0.95703125 0.5035211267605634 0.0546875 0.11971830985915494
2 0.77734375 0.6267605633802817 0.046875 0.07042253521126761
2 0.8984375 0.6408450704225352 0.046875 0.08450704225352113
2 0.85546875 0.7359154929577465 0.046875 0.09154929577464789
2 0.765625 0.7992957746478874 0.125 0.14788732394366197
2 0.671875 0.6971830985915494 0.0390625 0.08450704225352113
2 0.50390625 0.5598591549295775 0.0859375 0.19014084507042253
2 0.23828125 0.4507042253521127 0.1484375 0.1267605633802817
2 0.263671875 0.5985915492957746 0.05859375 0.1267605633802817
2 0.5078125 0.8485915492957746 0.171875 0.17605633802816903
2 0.451171875 0.7077464788732395 0.05078125 0.06338028169014084
2 0.349609375 0.6514084507042254 0.03515625 0.06338028169014084
2 0.412109375 0.4647887323943662 0.05078125 0.09859154929577466
