2 0.375 0.14401294498381878 0.078125 0.11326860841423948
2 0.53125 0.22006472491909387 0.1328125 0.11003236245954694
2 0.798828125 0.37216828478964403 0.07421875 0.07766990291262137
2 0.53125 0.38025889967637544 0.109375 0.06796116504854369
2 0.458984375 0.44660194174757284 0.06640625 0.03236245954692557
2 0.509765625 0.5080906148867315 0.06640625 0.05825242718446602
2 0.5703125 0.48058252427184467 0.046875 0.04854368932038835
2 0.6640625 0.47572815533980584 0.0625 0.07119741100323625
2 0.763671875 0.5420711974110033 0.05859375 0.05501618122977347
2 0.853515625 0.5372168284789645 0.09765625 0.06472491909385114
2 0.7265625 0.5970873786407768 0.046875 0.042071197411003236
2 0.798828125 0.6294498381877023 0.05078125 0.04854368932038835
2 0.79296875 0.7200647249190939 0.046875 0.04854368932038835
