2 0.62109375 0.14583333333333331 0.109375 0.125
2 0.4296875 0.2265625 0.1796875 0.13020833333333331
2 0.318359375 0.421875 0.20703125 0.13541666666666666
2 0.482421875 0.390625 0.12109375 0.15625
2 0.63671875 0.359375 0.140625 0.15625
2 0.59765625 0.25260416666666663 0.0390625 0.046875
2 0.8125 0.28385416666666663 0.109375 0.15104166666666666
2 0.69140625 0.5416666666666666 0.2421875 0.15625
2 0.521484375 0.6354166666666666 0.10546875 0.21875
2 0.30078125 0.6223958333333333 0.1875 0.24479166666666666
2 0.154296875 0.5755208333333333 0.10546875 0.2864583333333333
2 0.689453125 0.7005208333333333 0.05078125 0.09895833333333333
