2 0.24609375 0.44366197183098594 0.15625 0.14084507042253522
2 0.265625 0.6056338028169014 0.078125 0.1267605633802817
2 0.3515625 0.6584507042253521 0.046875 0.09154929577464789
2 0.412109375 0.47887323943661975 0.05859375 0.08450704225352113
2 0.5 0.602112676056338 0.109375 0.31690140845070425
2 0.619140625 0.2711267605633803 0.06640625 0.13380281690140847
2 0.71875 0.4119718309859155 0.140625 0.1056338028169014
2 0.865234375 0.31690140845070425 0.05078125 0.08450704225352113
2 0.94921875 0.49295774647887325 0.0546875 0.11267605633802817
2 0.6796875 0.7007042253521127 0.0546875 0.09154929577464789
2 0.509765625 0.852112676056338 0.18359375 0.15492957746478875
2 0.7734375 0.6302816901408451 0.0390625 0.07746478873239437
2 0.8984375 0.647887323943662 0.03125 0.07042253521126761
2 0.85546875 0.7323943661971831 0.0390625 0.08450704225352113
2 0.7734375 0.7922535211267606 0.1171875 0.1619718309859155
