2 0.259765625 0.2404692082111437 0.28515625 0.23460410557184752
2 0.56640625 0.22580645161290322 0.2890625 0.21700879765395895
2 0.841796875 0.2697947214076246 0.12109375 0.08211143695014662
2 0.70703125 0.436950146627566 0.328125 0.16422287390029325
2 0.830078125 0.6129032258064516 0.27734375 0.17595307917888564
2 0.05859375 0.37390029325513197 0.109375 0.06744868035190615
2 0.361328125 0.44281524926686217 0.23828125 0.1407624633431085
2 0.087890625 0.5293255131964809 0.12109375 0.13196480938416422
2 0.2109375 0.7859237536656891 0.21875 0.20527859237536658
2 0.46484375 0.6348973607038123 0.34375 0.15542521994134897
2 0.6640625 0.7316715542521994 0.109375 0.06744868035190615
2 0.669921875 0.8225806451612904 0.26953125 0.10850439882697947
