1
10
1000
1002
1003
1004
1005
1008
1009
1010
1011
1012
1013
1014
1015
1016
1017
1018
1019
102
1022
1023
1026
1027
1028
1029
103
1032
1033
1034
1035
1036
1037
1038
1039
104
1040
1041
1042
1043
1044
1045
1046
1048
1049
105
1051
1052
1053
1054
1056
1058
1059
106
1060
1062
1064
1065
1066
1067
1068
1069
1070
1072
1073
1074
1075
1076
1077
1078
1079
108
1080
1081
1082
1083
1084
1085
1086
1087
1088
109
1090
1092
1093
1094
1095
1097
1098
1099
110
1100
1101
1102
1103
1104
1105
1106
1107
1109
111
1111
1112
1114
1115
1116
1117
112
1120
1121
1122
1123
1124
1125
1126
1127
1129
113
1130
1131
1132
1136
1137
1138
1139
114
1140
1143
1145
1146
1147
1148
1149
115
1150
1151
1152
1153
1155
1156
1157
1158
116
1160
1161
1162
1163
1164
1165
1166
1167
1168
117
1170
1171
1173
1174
1175
1176
1177
1178
1179
118
1180
1181
1182
1183
1184
1185
1187
1189
119
1192
1193
1197
1198
120
1200
1202
1204
1205
1206
1207
1208
1209
121
1210
1211
1212
1214
1215
1216
1221
1222
1223
1225
1226
1227
1228
1230
1231
1233
1234
1235
1236
1237
1238
1239
124
1240
1241
1242
1244
1245
1246
1247
1249
125
1250
1251
1252
1254
1255
1256
1257
1258
1261
1262
1263
1264
1265
1266
1267
1268
127
1271
1272
1273
1275
1276
1277
1278
1279
1280
1281
1282
1283
1284
1285
1287
1288
129
1290
1292
1293
1294
1296
1297
1298
13
131
133
134
135
136
138
14
140
141
142
144
145
15
150
151
153
154
155
156
158
16
160
162
163
164
166
167
168
169
17
171
172
174
175
176
177
179
18
180
183
185
186
187
188
189
190
191
192
193
194
195
197
2
200
201
202
203
204
205
206
208
209
211
212
214
215
216
218
22
221
222
223
224
225
226
227
228
229
23
230
233
234
235
236
237
238
24
241
243
244
246
247
248
249
25
250
252
253
254
255
256
257
259
26
260
261
262
263
264
265
266
267
269
27
270
271
272
276
277
278
279
28
280
281
282
283
284
285
287
288
289
29
290
292
293
294
295
296
298
299
3
30
300
301
302
303
306
307
308
309
31
310
312
313
314
315
318
319
321
322
323
325
327
328
329
33
330
331
333
334
335
336
337
338
339
34
340
341
342
343
346
347
348
349
35
350
352
353
354
355
356
357
358
36
361
364
365
366
367
369
370
372
373
374
375
378
38
380
381
382
383
384
385
387
388
389
39
390
395
398
399
4
40
401
402
403
406
408
409
41
410
411
413
414
415
416
418
419
420
421
422
423
425
426
427
428
429
43
431
432
433
436
438
439
44
440
441
442
443
444
445
446
448
449
45
450
451
452
453
454
455
456
459
46
460
461
462
463
466
467
469
47
470
471
474
477
479
48
480
481
482
485
486
488
490
492
493
494
495
496
497
498
499
5
50
501
503
504
505
506
509
51
510
511
512
513
516
517
518
52
520
521
522
523
525
526
527
529
53
530
532
533
534
535
536
537
539
54
540
541
542
543
544
545
546
547
549
55
550
554
557
559
56
562
563
564
565
566
567
568
569
571
572
573
576
577
58
581
582
584
586
587
588
589
59
590
591
592
593
594
597
598
599
6
60
600
602
606
607
608
61
612
613
614
615
616
617
618
619
62
620
621
622
623
625
626
627
628
629
63
630
631
633
634
635
636
637
638
639
64
640
641
642
643
644
645
646
647
648
649
65
650
651
652
654
655
659
66
660
661
662
663
665
667
669
67
670
672
673
674
675
676
678
679
68
680
681
682
685
687
689
69
692
693
695
696
697
699
7
70
700
701
703
704
705
706
707
708
709
71
710
712
713
714
717
719
72
720
722
723
725
727
728
729
73
730
731
732
733
735
736
737
738
739
74
741
742
743
745
747
748
749
75
750
753
754
756
757
758
759
760
761
763
764
765
766
767
768
769
77
770
771
772
773
774
775
776
777
778
779
78
780
781
782
783
784
785
786
787
788
789
790
792
793
794
795
796
797
798
8
80
800
801
802
803
804
805
806
807
808
809
81
810
811
813
814
815
816
817
818
819
82
820
821
822
823
824
825
826
827
828
829
830
832
834
835
836
837
839
84
840
842
844
845
846
847
849
85
851
853
854
855
856
857
858
859
86
860
862
863
864
865
866
867
868
869
87
870
871
872
873
874
877
878
879
88
880
883
884
886
888
889
89
890
892
893
894
896
899
9
90
900
901
902
903
904
905
907
908
909
910
911
913
914
917
918
919
92
920
922
923
924
925
927
929
930
932
933
934
935
936
937
939
941
943
945
946
948
949
95
950
951
952
953
954
955
956
957
958
96
960
961
962
964
965
966
967
969
970
971
972
973
974
975
976
977
978
979
98
980
981
982
985
986
987
988
989
990
991
993
994
995
996
997
998
999
