0 0.4296875 0.10898876404494383 0.078125 0.04269662921348315
0 0.408203125 0.2606741573033708 0.08984375 0.03146067415730337
0 0.27734375 0.28426966292134837 0.03125 0.015730337078651686
0 0.52734375 0.17415730337078653 0.03125 0.029213483146067417
0 0.74609375 0.24719101123595508 0.0390625 0.02696629213483146
0 0.61328125 0.4955056179775281 0.0703125 0.04269662921348315
0 0.748046875 0.46741573033707867 0.12109375 0.06292134831460675
0 0.646484375 0.4067415730337079 0.07421875 0.035955056179775284
0 0.783203125 0.36404494382022473 0.08984375 0.07640449438202247
0 0.66015625 0.3101123595505618 0.1171875 0.040449438202247195
0 0.609375 0.6820224719101124 0.078125 0.05617977528089888
0 0.70703125 0.7202247191011236 0.0859375 0.029213483146067417
0 0.826171875 0.5820224719101124 0.05078125 0.035955056179775284
0 0.8203125 0.5404494382022472 0.109375 0.020224719101123598
0 0.23828125 0.35056179775280905 0.0546875 0.02696629213483146
