0 0.587890625 0.13502673796791442 0.12890625 0.04545454545454545
0 0.7421875 0.19117647058823528 0.0546875 0.040106951871657755
0 0.78125 0.23262032085561496 0.1015625 0.0855614973262032
0 0.24609375 0.2767379679144385 0.109375 0.09358288770053476
0 0.1640625 0.5521390374331551 0.109375 0.09358288770053476
0 0.818359375 0.35026737967914434 0.10546875 0.0641711229946524
0 0.662109375 0.6417112299465241 0.08203125 0.0748663101604278
0 0.818359375 0.4679144385026738 0.08203125 0.0909090909090909
0 0.693359375 0.42379679144385024 0.06640625 0.034759358288770054
0 0.740234375 0.5975935828877005 0.04296875 0.029411764705882353
