1 0.490234375 0.34929577464788736 0.08984375 0.06760563380281691
1 0.271484375 0.18732394366197183 0.05859375 0.053521126760563385
1 0.27734375 0.31126760563380285 0.0546875 0.05915492957746479
1 0.265625 0.44647887323943664 0.078125 0.0647887323943662
1 0.369140625 0.4690140845070423 0.05078125 0.036619718309859155
1 0.470703125 0.5633802816901409 0.07421875 0.061971830985915494
1 0.466796875 0.6690140845070423 0.07421875 0.09859154929577466
1 0.548828125 0.7126760563380282 0.08984375 0.05070422535211268
1 0.55859375 0.9338028169014085 0.078125 0.04225352112676056
1 0.2421875 0.5183098591549296 0.0625 0.04507042253521127
