1 0.505859375 0.3333333333333333 0.08203125 0.07142857142857142
1 0.283203125 0.16220238095238093 0.07421875 0.0625
1 0.294921875 0.29166666666666663 0.05859375 0.06547619047619047
1 0.27734375 0.431547619047619 0.0859375 0.06547619047619047
1 0.384765625 0.4538690476190476 0.05078125 0.03869047619047619
1 0.2578125 0.5014880952380952 0.0625 0.04464285714285714
1 0.48046875 0.5550595238095237 0.0703125 0.05654761904761904
1 0.478515625 0.6622023809523809 0.05859375 0.11011904761904762
1 0.55859375 0.7098214285714285 0.0859375 0.04464285714285714
1 0.57421875 0.931547619047619 0.078125 0.041666666666666664
