1 0.5625 0.2319915254237288 0.546875 0.2944915254237288
1 0.6328125 0.4661016949152542 0.140625 0.2711864406779661
1 0.49609375 0.4650423728813559 0.15625 0.2775423728813559
1 0.259765625 0.7415254237288136 0.23828125 0.3813559322033898
1 0.2734375 0.4597457627118644 0.203125 0.1271186440677966
1 0.84375 0.5688559322033898 0.140625 0.2097457627118644
1 0.818359375 0.4163135593220339 0.19140625 0.1292372881355932
1 0.720703125 0.8379237288135594 0.13671875 0.07838983050847458
1 0.505859375 0.7033898305084746 0.15234375 0.22033898305084745
1 0.75 0.7076271186440678 0.3046875 0.2076271186440678
