1 0.439453125 0.4282051282051282 0.10546875 0.07692307692307693
1 0.4765625 0.23974358974358975 0.171875 0.18205128205128204
1 0.609375 0.24487179487179486 0.1171875 0.1717948717948718
1 0.705078125 0.17051282051282052 0.04296875 0.04871794871794872
1 0.267578125 0.391025641025641 0.10546875 0.15128205128205127
1 0.3828125 0.5525641025641026 0.1875 0.2230769230769231
1 0.484375 0.5205128205128206 0.0546875 0.046153846153846156
1 0.251953125 0.5820512820512821 0.11328125 0.13333333333333333
1 0.193359375 0.6807692307692308 0.06640625 0.04871794871794872
1 0.302734375 0.6935897435897436 0.08203125 0.0641025641025641
1 0.365234375 0.8282051282051281 0.16796875 0.05641025641025641
