1 0.48828125 0.3670212765957447 0.078125 0.0673758865248227
1 0.78515625 0.30851063829787234 0.109375 0.10638297872340426
1 0.84375 0.2624113475177305 0.0625 0.06382978723404255
1 0.5859375 0.4769503546099291 0.09375 0.09574468085106383
1 0.498046875 0.5319148936170213 0.06640625 0.07092198581560283
1 0.291015625 0.45921985815602834 0.08203125 0.06028368794326241
1 0.376953125 0.4556737588652482 0.08203125 0.0673758865248227
1 0.36328125 0.6205673758865248 0.1640625 0.19858156028368795
1 0.775390625 0.6046099290780141 0.07421875 0.06028368794326241
1 0.7265625 0.4432624113475177 0.1171875 0.12056737588652482
