1 0.3688212927756654 0.216796875 0.07604562737642585 0.09765625
1 0.5304182509505704 0.18359375 0.07224334600760456 0.0859375
1 0.24524714828897337 0.341796875 0.09505703422053231 0.09765625
1 0.20532319391634982 0.45703125 0.09885931558935361 0.109375
1 0.3060836501901141 0.458984375 0.07984790874524715 0.12109375
1 0.2984790874524715 0.63671875 0.09505703422053231 0.1015625
1 0.6102661596958174 0.509765625 0.08745247148288973 0.09765625
1 0.48098859315589354 0.43359375 0.07984790874524715 0.1015625
1 0.629277566539924 0.26953125 0.07224334600760456 0.0703125
1 0.6330798479087453 0.3515625 0.07984790874524715 0.0546875
1 0.8346007604562737 0.548828125 0.09505703422053231 0.05078125
1 0.6692015209125475 0.650390625 0.10646387832699619 0.08984375
1 0.5152091254752852 0.7265625 0.19391634980988592 0.125
1 0.8650190114068441 0.75390625 0.14068441064638784 0.09375
