1 0.41015625 0.15649867374005305 0.0625 0.05305039787798408
1 0.529296875 0.13925729442970822 0.04296875 0.0716180371352785
1 0.533203125 0.22413793103448273 0.02734375 0.04509283819628647
1 0.525390625 0.3275862068965517 0.06640625 0.04509283819628647
1 0.546875 0.4442970822281167 0.0546875 0.07692307692307691
1 0.373046875 0.35941644562334213 0.05078125 0.05039787798408488
1 0.30859375 0.5305039787798408 0.1015625 0.08488063660477453
1 0.583984375 0.6087533156498673 0.23828125 0.17771883289124668
1 0.779296875 0.4761273209549071 0.11328125 0.10344827586206896
1 0.779296875 0.29973474801061006 0.06640625 0.05835543766578249
1 0.544921875 0.7679045092838196 0.15234375 0.11405835543766578
1 0.560546875 0.9177718832891246 0.24609375 0.16445623342175064
