1 0.486328125 0.29347826086956524 0.12890625 0.12173913043478261
1 0.65625 0.29347826086956524 0.109375 0.07391304347826087
1 0.30859375 0.3641304347826087 0.21875 0.15434782608695652
1 0.53125 0.1923913043478261 0.1796875 0.0891304347826087
1 0.255859375 0.5945652173913043 0.24609375 0.0891304347826087
1 0.169921875 0.7663043478260869 0.24609375 0.1847826086956522
1 0.71484375 0.45543478260869563 0.2421875 0.15869565217391304
1 0.775390625 0.6076086956521739 0.25390625 0.13695652173913045
1 0.59375 0.7326086956521739 0.0859375 0.0391304347826087
1 0.482421875 0.7282608695652174 0.07421875 0.0782608695652174
