1 0.361328125 0.28040540540540543 0.11328125 0.060810810810810814
1 0.423828125 0.3293918918918919 0.05859375 0.05067567567567568
1 0.623046875 0.2820945945945946 0.14453125 0.19256756756756757
1 0.419921875 0.543918918918919 0.10546875 0.10135135135135136
1 0.58203125 0.5337837837837838 0.21875 0.19594594594594594
1 0.41796875 0.6621621621621622 0.109375 0.0945945945945946
1 0.302734375 0.7736486486486487 0.12109375 0.08108108108108109
1 0.7109375 0.6351351351351352 0.0859375 0.1283783783783784
1 0.591796875 0.8158783783783784 0.12109375 0.08445945945945946
1 0.53515625 0.7094594594594595 0.0703125 0.06756756756756757
