1 0.689453125 0.2686781609195402 0.13671875 0.08333333333333333
1 0.6171875 0.34770114942528735 0.078125 0.10344827586206896
1 0.615234375 0.4439655172413793 0.12109375 0.11781609195402298
1 0.259765625 0.6954022988505747 0.12890625 0.04597701149425287
1 0.443359375 0.6896551724137931 0.19140625 0.08045977011494253
1 0.416015625 0.7902298850574713 0.21484375 0.11494252873563218
1 0.685546875 0.6738505747126436 0.26953125 0.15804597701149425
1 0.46875 0.5890804597701149 0.0859375 0.05172413793103448
1 0.302734375 0.8836206896551724 0.13671875 0.04310344827586207
1 0.626953125 0.8433908045977011 0.09765625 0.048850574712643674
