1 0.578125 0.1462655601659751 0.09375 0.06431535269709543
1 0.54296875 0.3029045643153527 0.2109375 0.0954356846473029
1 0.337890625 0.4315352697095436 0.23828125 0.2697095435684647
1 0.576171875 0.44398340248962653 0.12890625 0.11618257261410789
1 0.72265625 0.5352697095435685 0.1328125 0.07468879668049792
1 0.623046875 0.6296680497925311 0.12109375 0.07261410788381743
1 0.296875 0.5964730290456431 0.1171875 0.06431535269709543
1 0.34765625 0.7728215767634855 0.078125 0.04771784232365145
1 0.568359375 0.8215767634854771 0.14453125 0.06224066390041494
1 0.638671875 0.700207468879668 0.05859375 0.04771784232365145
