1 0.384765625 0.40632603406326034 0.18359375 0.10218978102189781
1 0.71875 0.3394160583941606 0.09375 0.06569343065693431
1 0.70703125 0.38442822384428227 0.0859375 0.038929440389294405
1 0.728515625 0.4768856447688565 0.12109375 0.10705596107055962
1 0.314453125 0.6313868613138687 0.11328125 0.09002433090024331
1 0.544921875 0.6411192214111923 0.33203125 0.1435523114355231
1 0.2421875 0.7287104622871047 0.1328125 0.08515815085158152
1 0.072265625 0.8126520681265207 0.13671875 0.06326034063260341
1 0.646484375 0.7664233576642336 0.15234375 0.08759124087591241
1 0.41796875 0.8625304136253041 0.09375 0.05596107055961071
1 0.34765625 0.9221411192214112 0.1875 0.07299270072992702
1 0.525390625 0.4257907542579076 0.04296875 0.05352798053527981
