1 0.251953125 0.3624641833810888 0.19140625 0.1518624641833811
1 0.369140625 0.2521489971346705 0.04296875 0.06876790830945559
1 0.41015625 0.10171919770773638 0.125 0.08882521489971347
1 0.49609375 0.2464183381088825 0.09375 0.1318051575931232
1 0.640625 0.38108882521489973 0.078125 0.08022922636103151
1 0.458984375 0.39111747851002865 0.07421875 0.06017191977077364
1 0.310546875 0.5315186246418337 0.12890625 0.0830945558739255
1 0.58984375 0.6590257879656161 0.1484375 0.12034383954154727
1 0.669921875 0.7851002865329513 0.09765625 0.06876790830945559
1 0.623046875 0.5300859598853868 0.08984375 0.06303724928366762
