1 0.7192307692307692 0.359375 0.1 0.0625
1 0.4173076923076923 0.298828125 0.06538461538461539 0.06640625
1 0.49615384615384617 0.2421875 0.05384615384615385 0.0546875
1 0.5692307692307692 0.306640625 0.06923076923076923 0.05859375
1 0.6730769230769231 0.072265625 0.11538461538461539 0.10546875
1 0.5576923076923077 0.06640625 0.06153846153846154 0.09375
1 0.5076923076923077 0.169921875 0.046153846153846156 0.05078125
1 0.3307692307692308 0.4609375 0.11538461538461539 0.1171875
1 0.5288461538461539 0.578125 0.08846153846153847 0.078125
1 0.6326923076923078 0.62890625 0.057692307692307696 0.0703125
1 0.35192307692307695 0.78515625 0.12692307692307692 0.125
