1 0.33984375 0.28881987577639756 0.234375 0.14285714285714288
1 0.685546875 0.10559006211180125 0.21484375 0.09109730848861285
1 0.572265625 0.2070393374741201 0.08984375 0.06625258799171843
1 0.732421875 0.23602484472049692 0.15234375 0.07039337474120083
1 0.59375 0.33850931677018636 0.109375 0.055900621118012424
1 0.833984375 0.37163561076604557 0.08984375 0.08902691511387165
1 0.45703125 0.27639751552795033 0.0625 0.04347826086956522
1 0.30078125 0.47204968944099385 0.140625 0.07453416149068323
1 0.13671875 0.5124223602484472 0.109375 0.08488612836438925
1 0.728515625 0.49896480331262943 0.12109375 0.05797101449275363
1 0.58984375 0.6242236024844721 0.3203125 0.10973084886128365
1 0.6015625 0.7650103519668737 0.1328125 0.07246376811594203
