1 0.41015625 0.2740384615384615 0.1171875 0.08653846153846154
1 0.537109375 0.32371794871794873 0.08203125 0.05769230769230769
1 0.654296875 0.29166666666666663 0.09765625 0.0641025641025641
1 0.6875 0.40705128205128205 0.078125 0.09615384615384615
1 0.34765625 0.6041666666666666 0.078125 0.08012820512820512
1 0.482421875 0.5993589743589743 0.08984375 0.08974358974358974
1 0.294921875 0.7548076923076923 0.06640625 0.05448717948717949
1 0.46484375 0.7836538461538461 0.1171875 0.11858974358974358
1 0.35546875 0.8573717948717948 0.0625 0.08012820512820512
1 0.3515625 0.9663461538461539 0.0390625 0.060897435897435896
