1 0.369140625 0.23650385604113108 0.17578125 0.056555269922879174
1 0.498046875 0.29434447300771205 0.13671875 0.05912596401028277
1 0.734375 0.29305912596401024 0.125 0.08740359897172235
1 0.701171875 0.2107969151670951 0.08203125 0.06683804627249357
1 0.375 0.48971722365038556 0.1328125 0.09511568123393316
1 0.5859375 0.49100257069408737 0.28125 0.1953727506426735
1 0.333984375 0.5848329048843187 0.14453125 0.07455012853470437
1 0.140625 0.6632390745501285 0.15625 0.08740359897172235
1 0.712890625 0.6478149100257069 0.15234375 0.10282776349614395
1 0.76953125 0.5758354755784061 0.0859375 0.04627249357326478
1 0.470703125 0.6568123393316195 0.07421875 0.06426735218508997
1 0.501953125 0.8727506426735218 0.25390625 0.25449871465295626
