1 0.369140625 0.40300230946882215 0.05859375 0.03926096997690531
1 0.408203125 0.27713625866050806 0.07421875 0.06928406466512702
1 0.55078125 0.2251732101616628 0.0859375 0.07159353348729793
1 0.75 0.4457274826789838 0.0859375 0.06928406466512702
1 0.55078125 0.46304849884526555 0.0703125 0.04849884526558891
1 0.3125 0.546189376443418 0.1015625 0.053117782909930716
1 0.345703125 0.6755196304849884 0.11328125 0.10392609699769052
1 0.6640625 0.6824480369515011 0.0703125 0.04387990762124711
1 0.78125 0.7055427251732102 0.0859375 0.06235565819861432
1 0.443359375 0.8013856812933026 0.10546875 0.05542725173210161
1 0.61328125 0.8521939953810623 0.1015625 0.05542725173210161
1 0.5859375 0.9076212471131639 0.1328125 0.06004618937644342
