1 0.546875 0.4424379232505643 0.140625 0.1038374717832957
1 0.466796875 0.37358916478555304 0.05859375 0.03386004514672686
1 0.5 0.31941309255079003 0.0625 0.0474040632054176
1 0.79296875 0.42550790067720085 0.09375 0.0654627539503386
1 0.71875 0.5654627539503385 0.125 0.07449209932279909
1 0.583984375 0.6557562076749435 0.14453125 0.10609480812641083
1 0.41796875 0.6986455981941309 0.1484375 0.11512415349887133
1 0.341796875 0.901805869074492 0.40234375 0.1963882618510158
1 0.6484375 0.837471783295711 0.1484375 0.09029345372460496
1 0.599609375 0.2855530474040632 0.12109375 0.0564334085778781
