1 0.28515625 0.20081967213114754 0.1796875 0.13387978142076504
1 0.32421875 0.32786885245901637 0.09375 0.06557377049180328
1 0.474609375 0.22404371584699453 0.13671875 0.16939890710382513
1 0.509765625 0.09289617486338798 0.05078125 0.060109289617486336
1 0.244140625 0.43989071038251365 0.08203125 0.04918032786885246
1 0.42578125 0.45901639344262296 0.1015625 0.08196721311475409
1 0.3828125 0.5778688524590164 0.1484375 0.10109289617486339
1 0.5234375 0.5382513661202186 0.0546875 0.03825136612021858
1 0.697265625 0.3510928961748634 0.03515625 0.02459016393442623
1 0.771484375 0.3483606557377049 0.03515625 0.030054644808743168
1 0.529296875 0.6516393442622951 0.12890625 0.11748633879781421
1 0.361328125 0.6857923497267759 0.16015625 0.1092896174863388
1 0.3515625 0.7827868852459017 0.0703125 0.040983606557377046
1 0.46484375 0.7595628415300546 0.078125 0.0546448087431694
1 0.65625 0.837431693989071 0.0625 0.03551912568306011
