0 0.33984375 0.13840399002493764 0.0859375 0.04738154613466334
0 0.431640625 0.18204488778054861 0.09765625 0.06483790523690773
0 0.4296875 0.36408977556109723 0.0546875 0.04488778054862843
0 0.453125 0.4389027431421446 0.109375 0.06483790523690773
0 0.232421875 0.5386533665835411 0.06640625 0.0399002493765586
0 0.623046875 0.5635910224438903 0.08984375 0.05486284289276808
0 0.298828125 0.584788029925187 0.08984375 0.04239401496259351
0 0.62109375 0.8341645885286783 0.0859375 0.04239401496259351
0 0.33984375 0.7019950124688279 0.0390625 0.02743142144638404
0 0.59765625 0.20947630922693267 0.046875 0.059850374064837904
