1 0.36328125 0.2054794520547945 0.0703125 0.06027397260273973
1 0.396484375 0.2808219178082192 0.05859375 0.04657534246575343
1 0.283203125 0.3452054794520548 0.05859375 0.0547945205479452
1 0.25 0.4438356164383562 0.0546875 0.06027397260273973
1 0.404296875 0.44246575342465755 0.06640625 0.057534246575342465
1 0.478515625 0.4383561643835616 0.06640625 0.09863013698630137
1 0.560546875 0.2863013698630137 0.09765625 0.15616438356164383
1 0.69921875 0.3356164383561644 0.046875 0.052054794520547946
1 0.701171875 0.5561643835616439 0.14453125 0.10410958904109589
1 0.60546875 0.6616438356164384 0.1640625 0.1178082191780822
1 0.859375 0.6547945205479452 0.109375 0.10410958904109589
1 0.830078125 0.7904109589041096 0.19921875 0.16164383561643836
1 0.64453125 0.8452054794520548 0.1640625 0.10136986301369863
1 0.7734375 0.9493150684931507 0.3125 0.09041095890410959
1 0.734375 0.4534246575342466 0.078125 0.0410958904109589
1 0.44921875 0.07671232876712329 0.0859375 0.049315068493150684
