1 0.552734375 0.5098360655737705 0.05078125 0.04918032786885246
1 0.6328125 0.31311475409836065 0.078125 0.09508196721311475
1 0.591796875 0.3901639344262295 0.07421875 0.05245901639344262
1 0.681640625 0.3622950819672131 0.05078125 0.036065573770491806
1 0.58203125 0.18360655737704917 0.046875 0.039344262295081964
1 0.662109375 0.2098360655737705 0.08203125 0.09180327868852459
1 0.759765625 0.24262295081967214 0.05078125 0.07213114754098361
1 0.490234375 0.6754098360655738 0.11328125 0.12459016393442623
1 0.54296875 0.7836065573770492 0.0625 0.039344262295081964
1 0.41796875 0.9147540983606557 0.1640625 0.16393442622950818
1 0.38671875 0.7491803278688525 0.0546875 0.06229508196721312
1 0.5703125 0.45901639344262296 0.0703125 0.04590163934426229
1 0.64453125 0.6229508196721312 0.046875 0.04590163934426229
