1 0.54296875 0.3076923076923077 0.28125 0.16783216783216784
1 0.73828125 0.34032634032634035 0.1015625 0.046620046620046623
1 0.3125 0.2937062937062937 0.0859375 0.03263403263403263
1 0.318359375 0.4417249417249417 0.28515625 0.1561771561771562
1 0.5234375 0.4184149184149184 0.109375 0.06293706293706294
1 0.681640625 0.4184149184149184 0.11328125 0.06293706293706294
1 0.6484375 0.5104895104895105 0.2890625 0.12121212121212122
1 0.560546875 0.6282051282051282 0.42578125 0.19347319347319347
1 0.224609375 0.5885780885780886 0.12890625 0.0675990675990676
1 0.296875 0.6748251748251748 0.109375 0.08158508158508158
1 0.376953125 0.7715617715617715 0.23046875 0.12121212121212122
1 0.6328125 0.7703962703962703 0.28125 0.10955710955710955
1 0.6484375 0.8997668997668997 0.2890625 0.1445221445221445
1 0.38671875 0.8846153846153846 0.15625 0.09557109557109557
