1 0.51953125 0.25360230547550433 0.0625 0.05763688760806916
1 0.51171875 0.3429394812680115 0.0625 0.05187319884726224
1 0.69140625 0.36023054755043227 0.125 0.12680115273775217
1 0.634765625 0.4567723342939481 0.10546875 0.06628242074927954
1 0.48828125 0.5144092219020172 0.1015625 0.10662824207492795
1 0.505859375 0.7348703170028817 0.14453125 0.13256484149855907
1 0.6640625 0.6930835734870316 0.1640625 0.10662824207492795
1 0.73828125 0.6109510086455331 0.0703125 0.05763688760806916
1 0.76171875 0.4971181556195965 0.078125 0.06628242074927954
1 0.416015625 0.9063400576368875 0.15234375 0.11239193083573486
1 0.62890625 0.9135446685878962 0.171875 0.13256484149855907
1 0.75 0.8184438040345821 0.1484375 0.12680115273775217
1 0.693359375 0.16570605187319884 0.09765625 0.07204610951008646
