1 0.48046875 0.3557377049180328 0.09375 0.2
1 0.400390625 0.46557377049180326 0.05859375 0.04590163934426229
1 0.498046875 0.5016393442622951 0.11328125 0.15081967213114755
1 0.501953125 0.5868852459016394 0.15234375 0.06557377049180328
1 0.568359375 0.659016393442623 0.14453125 0.10491803278688525
1 0.419921875 0.6573770491803279 0.08203125 0.05573770491803279
1 0.216796875 0.2 0.10546875 0.09836065573770492
1 0.326171875 0.2901639344262295 0.07421875 0.11475409836065574
1 0.203125 0.3655737704918033 0.1171875 0.09508196721311475
1 0.705078125 0.8327868852459016 0.16015625 0.09836065573770492
1 0.63671875 0.9 0.09375 0.05573770491803279
1 0.921875 0.9327868852459016 0.0859375 0.04918032786885246
