1 0.416015625 0.29797979797979796 0.14453125 0.1191919191919192
1 0.564453125 0.27575757575757576 0.10546875 0.050505050505050504
1 0.630859375 0.2404040404040404 0.05859375 0.0404040404040404
1 0.240234375 0.4101010101010101 0.16015625 0.09292929292929293
1 0.30859375 0.5141414141414141 0.1484375 0.10303030303030303
1 0.416015625 0.44646464646464645 0.07421875 0.0404040404040404
1 0.46484375 0.5242424242424243 0.0703125 0.03434343434343434
1 0.427734375 0.604040404040404 0.19921875 0.08888888888888889
1 0.228515625 0.5676767676767677 0.15234375 0.09292929292929293
1 0.30078125 0.6606060606060606 0.0625 0.10505050505050505
1 0.4453125 0.8131313131313131 0.09375 0.04242424242424243
1 0.177734375 0.6616161616161617 0.07421875 0.04242424242424243
