1 0.490234375 0.20152505446623095 0.13671875 0.09368191721132899
1 0.361328125 0.20806100217864926 0.08203125 0.03703703703703704
1 0.482421875 0.3028322440087146 0.12109375 0.06535947712418301
1 0.58984375 0.3235294117647059 0.0703125 0.050108932461873645
1 0.634765625 0.19281045751633988 0.07421875 0.08061002178649239
1 0.486328125 0.3714596949891068 0.11328125 0.05882352941176471
1 0.48828125 0.4575163398692811 0.09375 0.08714596949891068
1 0.177734375 0.36710239651416127 0.07421875 0.054466230936819175
1 0.48046875 0.6437908496732027 0.15625 0.12418300653594773
1 0.62890625 0.7352941176470589 0.0625 0.03703703703703704
1 0.462890625 0.7494553376906319 0.16015625 0.06100217864923748
1 0.484375 0.8540305010893247 0.171875 0.08278867102396514
1 0.59765625 0.9379084967320263 0.171875 0.12418300653594773
