1 0.21363636363636362 0.3533123028391167 0.14242424242424243 0.1451104100946372
1 0.39545454545454545 0.3186119873817035 0.16666666666666666 0.10094637223974763
1 0.28939393939393937 0.44637223974763407 0.0696969696969697 0.05362776025236593
1 0.35 0.5425867507886435 0.08181818181818182 0.07570977917981073
1 0.32272727272727275 0.6482649842271293 0.09393939393939393 0.07886435331230283
1 0.593939393939394 0.6561514195583596 0.14545454545454545 0.1198738170347003
1 0.4681818181818182 0.5425867507886435 0.08181818181818182 0.07570977917981073
1 0.7378787878787879 0.7618296529968454 0.10606060606060606 0.1167192429022082
1 0.6227272727272727 0.7381703470031545 0.08787878787878788 0.08201892744479496
1 0.6136363636363636 0.8958990536277602 0.19696969696969696 0.17034700315457413
1 0.7651515151515151 0.862776025236593 0.09393939393939393 0.0914826498422713
1 0.8590909090909091 0.6987381703470031 0.0696969696969697 0.0725552050473186
1 0.7272727272727273 0.5410094637223974 0.08484848484848485 0.08517350157728706
1 0.85 0.5883280757097792 0.045454545454545456 0.04100946372239748
