2 0.29880478087649404 0.4244604316546763 0.055776892430278883 0.05755395683453238
2 0.28486055776892427 0.5611510791366907 0.027888446215139442 0.04316546762589928
2 0.4123505976095617 0.47482014388489213 0.05179282868525896 0.07194244604316546
2 0.5139442231075697 0.525179856115108 0.07171314741035856 0.11510791366906475
2 0.6932270916334661 0.4244604316546763 0.04780876494023904 0.07194244604316546
2 0.7669322709163346 0.4172661870503597 0.027888446215139442 0.08633093525179857
2 0.8685258964143426 0.32014388489208634 0.04780876494023904 0.05035971223021583
2 0.9561752988047809 0.4928057553956835 0.03187250996015936 0.06474820143884892
2 0.896414342629482 0.6474820143884893 0.04780876494023904 0.05755395683453238
2 0.7788844621513944 0.6151079136690648 0.043824701195219126 0.07913669064748202
2 0.7808764940239044 0.7913669064748202 0.0796812749003984 0.10071942446043167
2 0.8685258964143426 0.7517985611510791 0.06374501992031872 0.05035971223021583
2 0.6892430278884462 0.7014388489208634 0.04780876494023904 0.06474820143884892
2 0.6235059760956175 0.25539568345323743 0.05179282868525896 0.06474820143884892
2 0.47011952191235057 0.6366906474820144 0.0398406374501992 0.05035971223021583
2 0.4641434262948207 0.7266187050359713 0.05976095617529881 0.05755395683453238
2 0.5776892430278885 0.8165467625899281 0.02390438247011952 0.05035971223021583
2 0.5119521912350598 0.8237410071942447 0.043824701195219126 0.05035971223021583
2 0.5577689243027888 0.9136690647482015 0.03187250996015936 0.05755395683453238
2 0.350597609561753 0.6546762589928058 0.0398406374501992 0.05755395683453238
2 0.25298804780876494 0.6330935251798562 0.043824701195219126 0.04316546762589928
2 0.20119521912350596 0.45683453237410077 0.043824701195219126 0.10791366906474821
2 0.38247011952191234 0.7877697841726619 0.03187250996015936 0.05035971223021583
2 0.4442231075697211 0.802158273381295 0.027888446215139442 0.03597122302158273
2 0.28486055776892427 0.7985611510791367 0.043824701195219126 0.07194244604316546
2 0.15139442231075698 0.6618705035971223 0.02390438247011952 0.04316546762589928
