2 0.384765625 0.3970917225950783 0.05859375 0.024608501118568233
2 0.390625 0.4373601789709172 0.0625 0.015659955257270694
2 0.26953125 0.40492170022371365 0.046875 0.026845637583892617
2 0.76171875 0.42393736017897093 0.0390625 0.024608501118568233
2 0.724609375 0.3333333333333333 0.05859375 0.04474272930648769
2 0.671875 0.49328859060402686 0.0703125 0.029082774049217
2 0.65625 0.8344519015659955 0.1171875 0.049217002237136466
2 0.45703125 0.7718120805369127 0.140625 0.049217002237136466
2 0.529296875 0.7281879194630873 0.07421875 0.029082774049217
2 0.568359375 0.6935123042505593 0.04296875 0.022371364653243846
2 0.40234375 0.8501118568232662 0.0703125 0.026845637583892617
2 0.36328125 0.8847874720357941 0.0390625 0.020134228187919462
2 0.666015625 0.8982102908277405 0.12890625 0.05145413870246085
