2 0.380859375 0.5728260869565217 0.07421875 0.04565217391304348
2 0.59765625 0.5836956521739131 0.078125 0.041304347826086954
2 0.6328125 0.6902173913043478 0.0703125 0.02391304347826087
2 0.650390625 0.7391304347826088 0.10546875 0.034782608695652174
2 0.38671875 0.6706521739130434 0.1015625 0.03695652173913044
2 0.380859375 0.7445652173913043 0.18359375 0.041304347826086954
2 0.361328125 0.8271739130434783 0.14453125 0.06739130434782609
2 0.19921875 0.5478260869565218 0.0625 0.021739130434782608
2 0.36328125 0.4934782608695652 0.09375 0.0391304347826087
2 0.287109375 0.4043478260869565 0.11328125 0.043478260869565216
2 0.384765625 0.425 0.04296875 0.015217391304347827
2 0.490234375 0.4358695652173913 0.04296875 0.01956521739130435
2 0.630859375 0.466304347826087 0.07421875 0.04565217391304348
2 0.7109375 0.43369565217391304 0.078125 0.03695652173913044
2 0.466796875 0.5391304347826087 0.08203125 0.030434782608695653
2 0.48828125 0.36630434782608695 0.0859375 0.08478260869565217
2 0.623046875 0.3923913043478261 0.05859375 0.06304347826086956
2 0.443359375 0.21195652173913043 0.08203125 0.0891304347826087
