2 0.330078125 0.5035335689045937 0.08984375 0.045936395759717315
2 0.451171875 0.5406360424028268 0.06640625 0.0353356890459364
2 0.400390625 0.5176678445229682 0.07421875 0.045936395759717315
2 0.47265625 0.4328621908127208 0.046875 0.024734982332155476
2 0.326171875 0.42579505300353354 0.05859375 0.03180212014134275
2 0.3984375 0.4293286219081272 0.03125 0.03180212014134275
2 0.267578125 0.45229681978798586 0.05078125 0.028268551236749116
2 0.310546875 0.5971731448763251 0.05078125 0.0353356890459364
2 0.40625 0.5742049469964664 0.03125 0.0176678445229682
2 0.53515625 0.6113074204946997 0.046875 0.04946996466431095
2 0.65625 0.7720848056537102 0.0546875 0.038869257950530034
