2 0.482421875 0.18467336683417085 0.05859375 0.032663316582914576
2 0.38671875 0.20979899497487436 0.0546875 0.032663316582914576
2 0.482421875 0.2826633165829146 0.08203125 0.02763819095477387
2 0.595703125 0.2814070351758794 0.06640625 0.035175879396984924
2 0.578125 0.3844221105527638 0.0703125 0.02512562814070352
2 0.4140625 0.38316582914572866 0.109375 0.032663316582914576
2 0.6171875 0.4824120603015075 0.09375 0.05025125628140704
2 0.763671875 0.5226130653266332 0.10546875 0.05025125628140704
2 0.3984375 0.5238693467336684 0.078125 0.06281407035175879
2 0.828125 0.6256281407035176 0.1328125 0.06532663316582915
2 0.744140625 0.7261306532663316 0.11328125 0.05527638190954774
2 0.650390625 0.6092964824120604 0.05859375 0.052763819095477386
2 0.408203125 0.6947236180904522 0.08984375 0.04271356783919598
2 0.298828125 0.8140703517587939 0.08984375 0.035175879396984924
2 0.166015625 0.699748743718593 0.07421875 0.04271356783919598
