2 0.5895270270270271 0.412109375 0.04391891891891892 0.05859375
2 0.5152027027027027 0.337890625 0.037162162162162164 0.05078125
2 0.45270270270270274 0.37109375 0.033783783783783786 0.046875
2 0.4087837837837838 0.35546875 0.05405405405405406 0.09375
2 0.2347972972972973 0.376953125 0.07094594594594594 0.05859375
2 0.24155405405405406 0.3046875 0.037162162162162164 0.0390625
2 0.10641891891891893 0.376953125 0.037162162162162164 0.03515625
2 0.2956081081081081 0.48828125 0.05067567567567568 0.03125
2 0.5844594594594595 0.671875 0.0472972972972973 0.0390625
2 0.7635135135135136 0.783203125 0.0472972972972973 0.05078125
2 0.4628378378378379 0.58203125 0.033783783783783786 0.046875
2 0.35472972972972977 0.4296875 0.0472972972972973 0.03125
