2 0.482421875 0.5446685878962536 0.05078125 0.034582132564841495
2 0.58203125 0.5619596541786743 0.0546875 0.04610951008645533
2 0.650390625 0.5835734870317002 0.05859375 0.04322766570605187
2 0.607421875 0.6613832853025936 0.11328125 0.04322766570605187
2 0.455078125 0.7247838616714697 0.10546875 0.04899135446685879
2 0.212890625 0.5965417867435158 0.09765625 0.05187319884726224
2 0.33984375 0.49279538904899134 0.0546875 0.034582132564841495
2 0.490234375 0.48847262247838613 0.05859375 0.03170028818443804
2 0.55859375 0.37896253602305474 0.09375 0.04899135446685879
2 0.71875 0.2564841498559078 0.0859375 0.06340057636887608
2 0.623046875 0.1195965417867435 0.06640625 0.02593659942363112
