2 0.578125 0.11349693251533743 0.0859375 0.059304703476482624
2 0.53515625 0.21574642126789367 0.0703125 0.07157464212678938
2 0.419921875 0.32004089979550104 0.12890625 0.07975460122699388
2 0.673828125 0.32719836400818 0.10546875 0.0408997955010225
2 0.46875 0.4386503067484663 0.078125 0.030674846625766874
2 0.509765625 0.516359918200409 0.19140625 0.051124744376278126
2 0.720703125 0.5705521472392638 0.11328125 0.049079754601227
2 0.55859375 0.6339468302658487 0.203125 0.065439672801636
2 0.548828125 0.7351738241308794 0.23828125 0.04703476482617587
2 0.80078125 0.7770961145194275 0.0703125 0.032719836400818
2 0.751953125 0.7157464212678937 0.05859375 0.044989775051124746
2 0.619140625 0.7832310838445808 0.11328125 0.00408997955010225
