2 0.45703125 0.1858695652173913 0.0625 0.02391304347826087
2 0.474609375 0.36195652173913045 0.05859375 0.0891304347826087
2 0.294921875 0.4141304347826087 0.10546875 0.041304347826086954
2 0.45703125 0.5423913043478261 0.0859375 0.04565217391304348
2 0.384765625 0.5782608695652174 0.08203125 0.052173913043478265
2 0.587890625 0.5815217391304348 0.07421875 0.04565217391304348
2 0.62890625 0.691304347826087 0.09375 0.034782608695652174
2 0.638671875 0.7434782608695653 0.10546875 0.043478260869565216
2 0.384765625 0.7434782608695653 0.15234375 0.043478260869565216
2 0.380859375 0.6652173913043479 0.08984375 0.030434782608695653
2 0.361328125 0.4902173913043478 0.08984375 0.041304347826086954
2 0.36328125 0.8260869565217391 0.1328125 0.06521739130434782
2 0.66015625 0.45 0.1640625 0.052173913043478265
2 0.2109375 0.5565217391304348 0.09375 0.043478260869565216
