2 0.32270916334661354 0.5259259259259259 0.1752988047808765 0.08888888888888889
2 0.3147410358565737 0.6333333333333333 0.13545816733067728 0.10370370370370371
2 0.3645418326693227 0.8037037037037037 0.1952191235059761 0.21481481481481482
2 0.5637450199203187 0.8037037037037037 0.21115537848605578 0.11851851851851852
2 0.4800796812749004 0.5240740740740741 0.099601593625498 0.0925925925925926
2 0.43824701195219123 0.6796296296296297 0.0398406374501992 0.040740740740740744
2 0.6095617529880478 0.6074074074074074 0.14342629482071712 0.08148148148148149
2 0.50199203187251 0.6425925925925926 0.0398406374501992 0.03333333333333333
2 0.4442231075697211 0.5925925925925926 0.09163346613545817 0.044444444444444446
2 0.6215139442231076 0.6981481481481482 0.11155378486055777 0.08518518518518518
2 0.5219123505976095 0.4314814814814815 0.055776892430278883 0.04814814814814815
2 0.3804780876494024 0.4666666666666667 0.08366533864541832 0.037037037037037035
2 0.5039840637450199 0.9018518518518519 0.03585657370517928 0.07037037037037037
