2 0.51953125 0.43680297397769513 0.1953125 0.16356877323420074
2 0.6640625 0.2936802973977695 0.0703125 0.040892193308550186
2 0.7109375 0.35130111524163565 0.078125 0.040892193308550186
2 0.294921875 0.3066914498141264 0.15234375 0.1003717472118959
2 0.22265625 0.4962825278810409 0.1171875 0.07806691449814127
2 0.283203125 0.5762081784386617 0.16796875 0.05204460966542751
2 0.646484375 0.75 0.07421875 0.0724907063197026
2 0.357421875 0.7472118959107806 0.08203125 0.040892193308550186
2 0.412109375 0.6589219330855018 0.12109375 0.03903345724907063
2 0.708984375 0.5343866171003717 0.06640625 0.05390334572490706
