2 0.623046875 0.19515306122448978 0.08203125 0.05357142857142857
2 0.630859375 0.33035714285714285 0.16796875 0.14030612244897958
2 0.712890625 0.4591836734693877 0.18359375 0.08673469387755102
2 0.78515625 0.5778061224489796 0.21875 0.09948979591836733
2 0.6328125 0.7551020408163265 0.1484375 0.06632653061224489
2 0.4296875 0.274234693877551 0.1171875 0.0586734693877551
2 0.310546875 0.2232142857142857 0.10546875 0.06887755102040816
2 0.267578125 0.5573979591836734 0.19921875 0.211734693877551
2 0.259765625 0.7295918367346939 0.16015625 0.11224489795918366
2 0.7734375 0.3482142857142857 0.0703125 0.06887755102040816
