2 0.7062256809338522 0.14453125 0.07392996108949416 0.078125
2 0.77431906614786 0.298828125 0.04669260700389105 0.05078125
2 0.6381322957198443 0.3046875 0.08560311284046693 0.0625
2 0.6809338521400778 0.365234375 0.038910505836575876 0.04296875
2 0.35992217898832685 0.365234375 0.08171206225680934 0.06640625
2 0.5583657587548638 0.462890625 0.09727626459143969 0.11328125
2 0.44163424124513617 0.478515625 0.058365758754863814 0.05078125
2 0.36964980544747084 0.5234375 0.04669260700389105 0.046875
2 0.33073929961089493 0.60546875 0.0622568093385214 0.0546875
2 0.42217898832684825 0.595703125 0.058365758754863814 0.08984375
2 0.5136186770428015 0.673828125 0.04669260700389105 0.06640625
2 0.1575875486381323 0.72265625 0.07392996108949416 0.0390625
2 0.22762645914396887 0.861328125 0.06614785992217899 0.05859375
