2 0.44921875 0.27426636568848756 0.078125 0.05191873589164785
2 0.2734375 0.33069977426636565 0.09375 0.0564334085778781
2 0.56640625 0.23250564334085777 0.0625 0.04966139954853273
2 0.77734375 0.4571106094808126 0.0703125 0.0654627539503386
2 0.56640625 0.4887133182844243 0.078125 0.05191873589164785
2 0.5546875 0.5586907449209931 0.109375 0.05191873589164785
2 0.431640625 0.7065462753950338 0.09765625 0.04514672686230248
2 0.546875 0.7404063205417607 0.0859375 0.04966139954853273
2 0.771484375 0.7878103837471783 0.08984375 0.04966139954853273
2 0.26171875 0.8047404063205417 0.0859375 0.05191873589164785
