2 0.474609375 0.5054545454545455 0.10546875 0.08
2 0.62109375 0.6036363636363636 0.140625 0.09454545454545454
2 0.5546875 0.649090909090909 0.0 0.0036363636363636364
2 0.619140625 0.769090909090909 0.12109375 0.19272727272727272
2 0.333984375 0.5418181818181819 0.16796875 0.06545454545454546
2 0.34765625 0.6327272727272727 0.203125 0.09454545454545454
2 0.49609375 0.6472727272727272 0.0703125 0.05818181818181818
2 0.369140625 0.7709090909090909 0.23828125 0.15272727272727274
2 0.453125 0.9090909090909091 0.21875 0.10909090909090909
2 0.51953125 0.8018181818181818 0.0625 0.06181818181818182
2 0.59375 0.5236363636363637 0.109375 0.06545454545454546
