2 0.482421875 0.15071770334928228 0.06640625 0.03827751196172249
2 0.4921875 0.21411483253588515 0.0546875 0.05980861244019139
2 0.501953125 0.284688995215311 0.05078125 0.03349282296650718
2 0.478515625 0.5322966507177034 0.30078125 0.07416267942583732
2 0.685546875 0.6052631578947368 0.12109375 0.07655502392344497
2 0.748046875 0.7033492822966507 0.10546875 0.057416267942583726
2 0.427734375 0.7942583732057416 0.25390625 0.09569377990430622
2 0.5703125 0.8827751196172249 0.1171875 0.05263157894736842
2 0.681640625 0.31220095693779903 0.08984375 0.04066985645933014
2 0.78515625 0.37440191387559807 0.0703125 0.0645933014354067
