2 0.248046875 0.169811320754717 0.10546875 0.06289308176100629
2 0.421875 0.17924528301886794 0.1015625 0.060796645702306085
2 0.541015625 0.24109014675052412 0.10546875 0.09224318658280922
2 0.4296875 0.39832285115303984 0.1640625 0.06708595387840671
2 0.390625 0.31551362683438156 0.1484375 0.060796645702306085
2 0.552734375 0.5408805031446541 0.29296875 0.09224318658280922
2 0.701171875 0.6383647798742139 0.10546875 0.08176100628930819
2 0.5859375 0.7180293501048218 0.1171875 0.03563941299790357
2 0.5 0.8092243186582809 0.15625 0.08385744234800839
2 0.25 0.5513626834381552 0.1484375 0.10062893081761007
2 0.251953125 0.70020964360587 0.18359375 0.07127882599580714
2 0.828125 0.41614255765199165 0.0859375 0.04402515723270441
