2 0.482421875 0.30926430517711173 0.06640625 0.06267029972752043
2 0.716796875 0.26430517711171664 0.07421875 0.049046321525885554
2 0.412109375 0.39509536784741145 0.08203125 0.05449591280653951
2 0.5078125 0.3869209809264305 0.0546875 0.043596730245231606
2 0.58203125 0.5163487738419619 0.0625 0.06267029972752043
2 0.69921875 0.44686648501362397 0.0625 0.05449591280653951
2 0.703125 0.7002724795640327 0.078125 0.05449591280653951
2 0.4296875 0.5899182561307902 0.0546875 0.04632152588555858
2 0.509765625 0.6553133514986376 0.12890625 0.10081743869209808
2 0.509765625 0.7874659400544959 0.08203125 0.08719346049046321
