2 0.251953125 0.5246478873239436 0.14453125 0.2605633802816901
2 0.62109375 0.2711267605633803 0.078125 0.1056338028169014
2 0.728515625 0.4225352112676056 0.12109375 0.11267605633802817
2 0.8515625 0.31690140845070425 0.046875 0.08450704225352113
2 0.94921875 0.4859154929577465 0.046875 0.08450704225352113
2 0.80078125 0.7183098591549296 0.28125 0.29577464788732394
2 0.505859375 0.6514084507042254 0.23046875 0.45774647887323944
2 0.357421875 0.6654929577464789 0.05078125 0.09154929577464789
2 0.294921875 0.7887323943661972 0.05859375 0.09859154929577466
2 0.75390625 0.926056338028169 0.0625 0.06338028169014084
