0 0.373046875 0.15295629820051412 0.09765625 0.05912596401028277
0 0.412109375 0.34704370179948585 0.07421875 0.04627249357326478
0 0.271484375 0.3881748071979434 0.05078125 0.030848329048843187
0 0.26171875 0.46658097686375316 0.0625 0.038560411311053984
0 0.61328125 0.4588688946015424 0.046875 0.02313624678663239
0 0.73046875 0.5012853470437018 0.078125 0.04627249357326478
0 0.658203125 0.5565552699228792 0.07421875 0.038560411311053984
0 0.5078125 0.5321336760925449 0.0390625 0.02056555269922879
0 0.423828125 0.2686375321336761 0.04296875 0.02313624678663239
0 0.71484375 0.820051413881748 0.0546875 0.03598971722365038
0 0.857421875 0.5886889460154241 0.05859375 0.04627249357326478
0 0.78515625 0.5347043701799485 0.0625 0.030848329048843187
0 0.50390625 0.2287917737789203 0.03125 0.025706940874035987
0 0.486328125 0.09897172236503855 0.05078125 0.038560411311053984
