0 0.384765625 0.15404699738903394 0.08984375 0.05221932114882506
0 0.5 0.1122715404699739 0.0703125 0.03655352480417755
0 0.275390625 0.37989556135770236 0.04296875 0.028720626631853787
0 0.640625 0.5783289817232377 0.078125 0.04960835509138381
0 0.794921875 0.4595300261096606 0.09765625 0.0783289817232376
0 0.40625 0.34986945169712796 0.0625 0.04699738903394256
0 0.43359375 0.27154046997389036 0.03125 0.02610966057441253
0 0.740234375 0.5443864229765013 0.10546875 0.05483028720626632
0 0.62109375 0.381201044386423 0.0625 0.04177545691906005
0 0.5234375 0.34986945169712796 0.0390625 0.02610966057441253
0 0.6640625 0.7493472584856397 0.0546875 0.04177545691906005
0 0.751953125 0.34986945169712796 0.06640625 0.06266318537859009
