0 0.576172 0.738676 0.136719 0.090592
0 0.214844 0.740418 0.085938 0.066202
0 0.183594 0.522648 0.101562 0.069686
0 0.490234 0.569686 0.269531 0.128920
0 0.449219 0.311847 0.242188 0.101045
0 0.421875 0.163763 0.132812 0.111498
0 0.681641 0.170732 0.261719 0.139373
0 0.675781 0.311847 0.093750 0.087108
0 0.646484 0.463415 0.113281 0.069686
0 0.812500 0.449477 0.132812 0.076655
0 0.857422 0.569686 0.152344 0.114983
0 0.785156 0.691638 0.062500 0.052265
0 0.871094 0.299652 0.085938 0.069686
0 0.708984 0.789199 0.074219 0.052265
