0 0.28515625 0.44675925925925924 0.046875 0.027777777777777776
0 0.150390625 0.3796296296296296 0.03515625 0.023148148148148147
0 0.2890625 0.35300925925925924 0.0390625 0.02546296296296296
0 0.38671875 0.1273148148148148 0.078125 0.05092592592592592
0 0.494140625 0.08912037037037036 0.06640625 0.039351851851851846
0 0.814453125 0.41666666666666663 0.08203125 0.05092592592592592
0 0.5390625 0.3275462962962963 0.03125 0.020833333333333332
0 0.720703125 0.4942129629629629 0.03515625 0.02546296296296296
0 0.61328125 0.35416666666666663 0.046875 0.037037037037037035
0 0.80078125 0.35185185185185186 0.03125 0.027777777777777776
0 0.76171875 0.32175925925925924 0.046875 0.032407407407407406
0 0.724609375 0.37384259259259256 0.03515625 0.02546296296296296
0 0.443359375 0.24305555555555555 0.02734375 0.018518518518518517
0 0.51171875 0.21527777777777776 0.046875 0.027777777777777776
0 0.439453125 0.3263888888888889 0.05859375 0.037037037037037035
0 0.6484375 0.548611111111111 0.0625 0.041666666666666664
0 0.521484375 0.5185185185185185 0.06640625 0.037037037037037035
0 0.705078125 0.7210648148148148 0.05078125 0.039351851851851846
0 0.732421875 0.8425925925925926 0.07421875 0.05092592592592592
0 0.626953125 0.4594907407407407 0.09765625 0.04398148148148148
0 0.52734375 0.6030092592592592 0.0625 0.039351851851851846
