0 0.447265625 0.39694656488549623 0.07421875 0.04580152671755726
0 0.48828125 0.311704834605598 0.046875 0.033078880407124686
0 0.482421875 0.17048346055979646 0.16015625 0.06615776081424937
0 0.583984375 0.27989821882951654 0.04296875 0.03053435114503817
0 0.2578125 0.49872773536895676 0.0546875 0.04071246819338423
0 0.291015625 0.4185750636132316 0.06640625 0.03816793893129771
0 0.14453125 0.4300254452926209 0.0546875 0.03053435114503817
0 0.8359375 0.688295165394402 0.109375 0.03816793893129771
0 0.755859375 0.6145038167938932 0.09765625 0.089058524173028
0 0.638671875 0.6450381679389313 0.09765625 0.058524173027989825
0 0.634765625 0.816793893129771 0.06640625 0.035623409669211195
0 0.830078125 0.4211195928753181 0.05078125 0.03816793893129771
0 0.74609375 0.4770992366412214 0.078125 0.04325699745547074
0 0.84375 0.48473282442748095 0.046875 0.027989821882951654
0 0.626953125 0.5407124681933843 0.05078125 0.027989821882951654
0 0.6015625 0.12977099236641224 0.0703125 0.04071246819338423
0 0.498046875 0.6043256997455472 0.04296875 0.027989821882951654
