0 0.53125 0.10116279069767442 0.1015625 0.04883720930232558
0 0.48046875 0.19767441860465115 0.0703125 0.04186046511627907
0 0.58984375 0.5953488372093023 0.0703125 0.046511627906976744
0 0.556640625 0.7395348837209302 0.06640625 0.06046511627906977
0 0.640625 0.3546511627906977 0.0859375 0.03953488372093023
0 0.6171875 0.4232558139534884 0.078125 0.046511627906976744
0 0.7109375 0.3930232558139535 0.046875 0.023255813953488372
0 0.64453125 0.27906976744186046 0.046875 0.027906976744186046
0 0.748046875 0.4232558139534884 0.06640625 0.027906976744186046
0 0.732421875 0.27906976744186046 0.04296875 0.023255813953488372
0 0.150390625 0.5034883720930232 0.04296875 0.02558139534883721
