0 0.5703125 0.11764705882352941 0.09375 0.06862745098039216
0 0.552734375 0.18259803921568626 0.04296875 0.03676470588235294
0 0.416015625 0.1409313725490196 0.03515625 0.031862745098039214
0 0.412109375 0.23039215686274508 0.07421875 0.049019607843137254
0 0.607421875 0.42892156862745096 0.08203125 0.049019607843137254
0 0.5390625 0.3639705882352941 0.125 0.07598039215686274
0 0.611328125 0.3247549019607843 0.05078125 0.041666666666666664
0 0.626953125 0.24019607843137256 0.04296875 0.03431372549019608
0 0.73046875 0.25 0.0546875 0.029411764705882353
0 0.646484375 0.20098039215686275 0.03515625 0.0196078431372549
0 0.27734375 0.3284313725490196 0.046875 0.029411764705882353
0 0.25 0.18137254901960784 0.046875 0.029411764705882353
0 0.16796875 0.5232843137254902 0.0703125 0.041666666666666664
0 0.69921875 0.5637254901960784 0.1171875 0.06862745098039216
0 0.861328125 0.4779411764705882 0.04296875 0.024509803921568627
0 0.876953125 0.3860294117647059 0.04296875 0.031862745098039214
0 0.70703125 0.3333333333333333 0.046875 0.0196078431372549
0 0.71484375 0.36151960784313725 0.03125 0.022058823529411763
0 0.830078125 0.3627450980392157 0.03515625 0.0196078431372549
0 0.84765625 0.3174019607843137 0.0703125 0.041666666666666664
0 0.328125 0.6703431372549019 0.0546875 0.02696078431372549
0 0.435546875 0.46691176470588236 0.11328125 0.061274509803921566
0 0.34375 0.2916666666666667 0.0859375 0.06862745098039216
0 0.40234375 0.2892156862745098 0.0390625 0.024509803921568627
0 0.51171875 0.2757352941176471 0.078125 0.07598039215686274
0 0.708984375 0.12377450980392157 0.04296875 0.041666666666666664
0 0.53125 0.46691176470588236 0.078125 0.07107843137254902
0 0.833984375 0.5735294117647058 0.06640625 0.03431372549019608
0 0.625 0.4742647058823529 0.0390625 0.02696078431372549
