0 0.66796875 0.12154696132596685 0.0859375 0.07734806629834254
0 0.30078125 0.27900552486187846 0.140625 0.04419889502762431
0 0.458984375 0.26657458563535913 0.08203125 0.06353591160220995
0 0.54296875 0.23066298342541436 0.0625 0.052486187845303865
0 0.26171875 0.34944751381215466 0.078125 0.06906077348066297
0 0.669921875 0.3770718232044199 0.04296875 0.04143646408839779
0 0.576171875 0.5290055248618785 0.05078125 0.03038674033149171
0 0.501953125 0.4944751381215469 0.01953125 0.022099447513812154
0 0.451171875 0.5193370165745856 0.02734375 0.022099447513812154
0 0.47265625 0.5649171270718232 0.0703125 0.03038674033149171
0 0.205078125 0.15193370165745856 0.05078125 0.055248618784530384
0 0.08203125 0.30939226519337015 0.0625 0.055248618784530384
