0 0.466796875 0.2572463768115942 0.13671875 0.06159420289855073
0 0.4375 0.29891304347826086 0.0625 0.025362318840579712
0 0.24609375 0.16847826086956522 0.0703125 0.043478260869565216
0 0.66796875 0.057971014492753624 0.1953125 0.07971014492753624
0 0.55859375 0.21467391304347827 0.09375 0.03804347826086957
0 0.44140625 0.5960144927536232 0.0546875 0.036231884057971016
0 0.33203125 0.4492753623188406 0.0546875 0.025362318840579712
0 0.208984375 0.43931159420289856 0.04296875 0.02355072463768116
0 0.63671875 0.17391304347826086 0.0625 0.025362318840579712
0 0.90234375 0.20018115942028986 0.0546875 0.02717391304347826
