0 0.482421875 0.24592833876221498 0.04296875 0.035830618892508145
0 0.375 0.11889250814332249 0.0703125 0.055374592833876225
0 0.294921875 0.22801302931596093 0.09765625 0.09120521172638436
0 0.173828125 0.250814332247557 0.03515625 0.03908794788273616
0 0.353515625 0.47231270358306193 0.06640625 0.07166123778501629
0 0.6328125 0.5407166123778502 0.0546875 0.05863192182410424
0 0.52734375 0.43159609120521175 0.0546875 0.055374592833876225
0 0.44140625 0.3175895765472313 0.0390625 0.035830618892508145
0 0.490234375 0.2980456026058632 0.02734375 0.02931596091205212
0 0.798828125 0.6042345276872965 0.08203125 0.06840390879478828
0 0.748046875 0.3436482084690554 0.05078125 0.035830618892508145
0 0.693359375 0.3517915309446254 0.03515625 0.05211726384364821
0 0.611328125 0.25732899022801303 0.05078125 0.03257328990228013
0 0.578125 0.3745928338762215 0.046875 0.03257328990228013
0 0.412109375 0.5407166123778502 0.02734375 0.026058631921824105
0 0.427734375 0.4397394136807818 0.08203125 0.06514657980456026
0 0.287109375 0.5846905537459284 0.06640625 0.06840390879478828
0 0.251953125 0.3697068403908795 0.05078125 0.035830618892508145
0 0.59375 0.6726384364820848 0.0625 0.06840390879478828
0 0.40234375 0.6074918566775245 0.0625 0.06840390879478828
0 0.423828125 0.6791530944625408 0.03515625 0.035830618892508145
0 0.5078125 0.8550488599348535 0.0390625 0.035830618892508145
0 0.8203125 0.4478827361563518 0.0390625 0.02280130293159609
0 0.369140625 0.3224755700325733 0.04296875 0.03257328990228013
0 0.53515625 0.5228013029315961 0.1015625 0.06840390879478828
0 0.646484375 0.6237785016286646 0.04296875 0.055374592833876225
0 0.271484375 0.32736156351791534 0.03515625 0.042345276872964174
