0 0.595703125 0.16028708133971292 0.10546875 0.05263157894736842
0 0.650390625 0.2619617224880383 0.03515625 0.02631578947368421
0 0.5546875 0.2727272727272727 0.0546875 0.03827751196172249
0 0.486328125 0.33253588516746413 0.07421875 0.04784688995215311
0 0.34375 0.3241626794258373 0.0390625 0.03110047846889952
0 0.212890625 0.30980861244019137 0.04296875 0.021531100478468897
0 0.275390625 0.3827751196172249 0.05078125 0.03349282296650718
0 0.591796875 0.36483253588516745 0.03515625 0.01674641148325359
0 0.642578125 0.37440191387559807 0.02734375 0.011961722488038277
0 0.6484375 0.4102870813397129 0.0390625 0.021531100478468897
0 0.69921875 0.44138755980861244 0.03125 0.01674641148325359
0 0.734375 0.45574162679425834 0.046875 0.021531100478468897
0 0.81640625 0.4150717703349282 0.0390625 0.021531100478468897
0 0.806640625 0.4677033492822966 0.03515625 0.021531100478468897
0 0.55078125 0.5777511961722488 0.0703125 0.03588516746411483
0 0.478515625 0.7308612440191388 0.05859375 0.050239234449760764
0 0.787109375 0.5155502392344498 0.06640625 0.05980861244019139
0 0.7265625 0.15550239234449761 0.046875 0.03827751196172249
