0 0.41796875 0.08767772511848342 0.3046875 0.0995260663507109
0 0.150390625 0.04383886255924171 0.11328125 0.04502369668246446
0 0.16796875 0.14336492890995262 0.046875 0.04028436018957346
0 0.501953125 0.20734597156398105 0.05859375 0.04028436018957346
0 0.732421875 0.24407582938388628 0.11328125 0.047393364928909956
0 0.75390625 0.3992890995260664 0.0625 0.04976303317535545
0 0.34765625 0.6078199052132702 0.0625 0.03554502369668247
0 0.134765625 0.3755924170616114 0.06640625 0.04502369668246446
0 0.29296875 0.5201421800947867 0.0859375 0.03080568720379147
0 0.869140625 0.5651658767772513 0.05078125 0.03080568720379147
