0 0.047435897435897434 0.6267857142857143 0.03333333333333333 0.1607142857142857
0 0.28076923076923077 0.6410714285714285 0.03333333333333333 0.1392857142857143
0 0.573076923076923 0.6375 0.03333333333333333 0.18214285714285713
0 0.9051282051282051 0.6517857142857143 0.05128205128205128 0.1607142857142857
0 0.06153846153846154 0.48928571428571427 0.02564102564102564 0.11428571428571428
0 0.2705128205128205 0.4928571428571428 0.023076923076923078 0.12857142857142856
0 0.5025641025641026 0.475 0.03076923076923077 0.14285714285714285
0 0.7064102564102565 0.34464285714285714 0.028205128205128206 0.13214285714285715
0 0.7935897435897435 0.5017857142857143 0.028205128205128206 0.11071428571428571
0 0.9705128205128205 0.32857142857142857 0.028205128205128206 0.1357142857142857
