0 0.26171875 0.2057471264367816 0.125 0.07126436781609195
0 0.27734375 0.3333333333333333 0.28125 0.1471264367816092
0 0.4765625 0.2942528735632184 0.0859375 0.0735632183908046
0 0.578125 0.19195402298850575 0.0859375 0.07586206896551724
0 0.306640625 0.7333333333333333 0.30859375 0.1793103448275862
0 0.591796875 0.7298850574712644 0.19921875 0.15862068965517243
0 0.619140625 0.896551724137931 0.22265625 0.10114942528735632
0 0.40234375 0.8862068965517241 0.1484375 0.07586206896551724
0 0.486328125 0.4 0.09765625 0.059770114942528735
0 0.451171875 0.5091954022988506 0.07421875 0.06666666666666667
0 0.46484375 0.45057471264367815 0.0703125 0.027586206896551724