0 0.55859375 0.3792710706150342 0.109375 0.07972665148063782
0 0.462890625 0.3337129840546697 0.05078125 0.025056947608200455
0 0.482421875 0.28815489749430523 0.04296875 0.0387243735763098
0 0.765625 0.3337129840546697 0.09375 0.05694760820045558
0 0.521484375 0.592255125284738 0.12890625 0.10933940774487472
0 0.359375 0.755125284738041 0.203125 0.12984054669703873
0 0.58203125 0.744874715261959 0.2109375 0.10933940774487472
0 0.55859375 0.8382687927107062 0.1484375 0.05011389521640091
0 0.572265625 0.9031890660592256 0.13671875 0.05239179954441914
0 0.734375 0.8667425968109339 0.0546875 0.03416856492027335
0 0.52734375 0.13211845102505695 0.09375 0.05466970387243736
0 0.62890625 0.5580865603644647 0.0703125 0.0683371298405467
0 0.736328125 0.7061503416856492 0.06640625 0.08656036446469248