0 0.55078125 0.283363802559415 0.125 0.05850091407678245
0 0.396484375 0.4040219378427788 0.16015625 0.16819012797074953
0 0.509765625 0.6224862888482633 0.15234375 0.1773308957952468
0 0.33984375 0.5758683729433273 0.1015625 0.09140767824497258
0 0.4140625 0.25045703839122485 0.0703125 0.12431444241316271
0 0.763671875 0.6206581352833638 0.08984375 0.07495429616087751
0 0.69140625 0.5182815356489945 0.1015625 0.0603290676416819
0 0.52734375 0.48811700182815354 0.0703125 0.07678244972577697
0 0.8046875 0.7193784277879341 0.046875 0.038391224862888484
0 0.900390625 0.5127970749542962 0.05859375 0.04204753199268738
0 0.66796875 0.2961608775137112 0.0625 0.04753199268738574
0 0.759765625 0.32084095063985374 0.06640625 0.038391224862888484
0 0.6953125 0.6946983546617916 0.0703125 0.054844606946983544
0 0.400390625 0.8135283363802559 0.10546875 0.20109689213893966
0 0.5234375 0.376599634369287 0.09375 0.06946983546617916
0 0.2109375 0.5365630712979891 0.109375 0.08592321755027423