0 0.40625 0.16666666666666666 0.078125 0.07086614173228346
0 0.568359375 0.1272965879265092 0.09765625 0.06561679790026247
0 0.626953125 0.18635170603674542 0.08203125 0.06824146981627296
0 0.623046875 0.27165354330708663 0.08984375 0.06561679790026247
0 0.193359375 0.3228346456692913 0.23828125 0.08923884514435695
0 0.248046875 0.24540682414698162 0.11328125 0.06036745406824147
0 0.171875 0.468503937007874 0.1015625 0.07086614173228346
0 0.4453125 0.3346456692913386 0.09375 0.07611548556430446
0 0.544921875 0.3989501312335958 0.08203125 0.06299212598425197
0 0.77734375 0.44881889763779526 0.1015625 0.07349081364829396
0 0.564453125 0.541994750656168 0.11328125 0.10236220472440945
0 0.2890625 0.5813648293963255 0.0859375 0.06036745406824147
0 0.412109375 0.5774278215223098 0.15234375 0.09973753280839895
0 0.791015625 0.6706036745406824 0.19140625 0.10236220472440945
0 0.69140625 0.9435695538057742 0.15625 0.09186351706036745