0 0.6484375 0.24865591397849462 0.1171875 0.1532258064516129
0 0.3984375 0.25 0.0703125 0.043010752688172046
0 0.4296875 0.3077956989247312 0.078125 0.051075268817204304
0 0.35546875 0.489247311827957 0.1171875 0.0913978494623656
0 0.5390625 0.4731182795698925 0.2421875 0.1881720430107527
0 0.68359375 0.5362903225806451 0.1015625 0.06720430107526881
0 0.658203125 0.6155913978494624 0.15234375 0.10215053763440861
0 0.509765625 0.7701612903225806 0.14453125 0.12096774193548387
0 0.314453125 0.5860215053763441 0.16015625 0.08064516129032258
0 0.15234375 0.6653225806451613 0.1640625 0.08870967741935484
0 0.46875 0.9018817204301075 0.1875 0.1586021505376344