0 0.4921875 0.2836644591611479 0.125 0.0684326710816777
0 0.275390625 0.7295805739514348 0.12890625 0.11699779249448124
0 0.265625 0.8344370860927153 0.09375 0.07505518763796909
0 0.869140625 0.4977924944812362 0.03515625 0.033112582781456956
0 0.59375 0.37527593818984545 0.0625 0.25165562913907286
0 0.6953125 0.8587196467991169 0.0625 0.04415011037527594
0 0.4921875 0.6986754966887417 0.109375 0.08609271523178808
0 0.451171875 0.8134657836644592 0.09765625 0.11258278145695365
0 0.3984375 0.9613686534216336 0.1015625 0.059602649006622516
0 0.55859375 0.5562913907284768 0.046875 0.09713024282560706
0 0.609375 0.17660044150110377 0.078125 0.052980132450331126