0 0.56640625 0.28425655976676384 0.09375 0.07871720116618076
0 0.2265625 0.33090379008746357 0.046875 0.037900874635568516
0 0.734375 0.32653061224489793 0.0703125 0.04081632653061224
0 0.703125 0.42419825072886297 0.0625 0.04956268221574344
0 0.75 0.5 0.0703125 0.061224489795918366
0 0.65625 0.5641399416909622 0.0625 0.05539358600583091
0 0.51953125 0.6239067055393586 0.1015625 0.06997084548104957
0 0.470703125 0.7346938775510204 0.07421875 0.052478134110787174
0 0.4375 0.8279883381924198 0.078125 0.03498542274052478
0 0.431640625 0.9008746355685131 0.09765625 0.052478134110787174
0 0.568359375 0.8498542274052479 0.08984375 0.061224489795918366
0 0.712890625 0.7346938775510204 0.06640625 0.05830903790087463