0 0.576171875 0.25666666666666665 0.07421875 0.051111111111111114
0 0.646484375 0.3188888888888889 0.09765625 0.07777777777777778
0 0.4296875 0.5044444444444445 0.1015625 0.08
0 0.5703125 0.41444444444444445 0.0703125 0.05555555555555555
0 0.5703125 0.5077777777777778 0.203125 0.10888888888888888
0 0.568359375 0.6388888888888888 0.23828125 0.14444444444444443
0 0.79296875 0.4922222222222222 0.2265625 0.12666666666666668
0 0.78515625 0.6355555555555555 0.1484375 0.06222222222222222
0 0.431640625 0.7777777777777778 0.12109375 0.12444444444444444
0 0.28515625 0.7677777777777778 0.1015625 0.09555555555555556
0 0.44140625 0.9322222222222222 0.109375 0.07333333333333333