0 0.310546875 0.3553921568627451 0.20703125 0.14705882352941177
0 0.6171875 0.16911764705882354 0.1640625 0.08823529411764706
0 0.408203125 0.22426470588235295 0.23828125 0.14460784313725492
0 0.525390625 0.42769607843137253 0.11328125 0.18872549019607843
0 0.353515625 0.5208333333333334 0.18359375 0.15931372549019607
0 0.181640625 0.49019607843137253 0.14453125 0.0784313725490196
0 0.685546875 0.5968137254901961 0.16796875 0.27205882352941174
0 0.73828125 0.33088235294117646 0.234375 0.10294117647058823
0 0.41796875 0.6715686274509803 0.140625 0.08823529411764706
0 0.53515625 0.6213235294117647 0.1015625 0.12009803921568628
0 0.55859375 0.7794117647058824 0.1171875 0.07352941176470588
0 0.41015625 0.8382352941176471 0.1328125 0.06862745098039216
0 0.263671875 0.758578431372549 0.08203125 0.041666666666666664
0 0.740234375 0.8700980392156863 0.12109375 0.10784313725490197
0 0.640625 0.9350490196078431 0.140625 0.061274509803921566
0 0.921875 0.6421568627450981 0.0390625 0.058823529411764705