0 0.3730769230769231 0.224609375 0.05384615384615385 0.05078125
0 0.38269230769230766 0.380859375 0.09615384615384616 0.08984375
0 0.45 0.45703125 0.046153846153846156 0.046875
0 0.2076923076923077 0.41796875 0.06923076923076923 0.1171875
0 0.3384615384615385 0.57421875 0.17692307692307693 0.140625
0 0.41346153846153844 0.517578125 0.08846153846153847 0.07421875
0 0.5 0.48828125 0.08461538461538462 0.09375
0 0.573076923076923 0.607421875 0.06153846153846154 0.05859375
0 0.801923076923077 0.728515625 0.15 0.13671875
0 0.7019230769230769 0.869140625 0.23461538461538461 0.15234375
0 0.8903846153846153 0.869140625 0.15 0.19140625