0 0.486328125 0.3473282442748092 0.09765625 0.05343511450381679
0 0.46875 0.4071246819338422 0.078125 0.04580152671755725
0 0.291015625 0.6106870229007634 0.07421875 0.0916030534351145
0 0.373046875 0.6577608142493638 0.05859375 0.058524173027989825
0 0.5078125 0.5470737913486005 0.109375 0.07124681933842239
0 0.490234375 0.6972010178117048 0.05078125 0.04580152671755725
0 0.48828125 0.8015267175572519 0.046875 0.035623409669211195
0 0.62109375 0.7531806615776081 0.1328125 0.17302798982188294
0 0.78125 0.7659033078880407 0.078125 0.11704834605597965
0 0.701171875 0.9402035623409669 0.16015625 0.11450381679389313
0 0.59375 0.36768447837150126 0.078125 0.058524173027989825