0 0.439453125 0.3686868686868687 0.09765625 0.14646464646464646
0 0.505859375 0.125 0.05859375 0.047979797979797977
0 0.41015625 0.1388888888888889 0.140625 0.07575757575757576
0 0.26171875 0.22853535353535354 0.1953125 0.1590909090909091
0 0.212890625 0.3484848484848485 0.23828125 0.13636363636363635
0 0.181640625 0.4393939393939394 0.16796875 0.030303030303030304
0 0.2421875 0.5088383838383839 0.3125 0.11363636363636363
0 0.439453125 0.6325757575757576 0.14453125 0.09343434343434344
0 0.48828125 0.5176767676767676 0.0390625 0.05555555555555555
0 0.62890625 0.5025252525252525 0.171875 0.3333333333333333
0 0.60546875 0.7247474747474747 0.1015625 0.06565656565656566
0 0.33984375 0.7487373737373737 0.0546875 0.04292929292929293
0 0.509765625 0.8207070707070707 0.11328125 0.06565656565656566
0 0.82421875 0.7765151515151515 0.1171875 0.10858585858585859
0 0.771484375 0.8686868686868687 0.15234375 0.07575757575757576
0 0.580078125 0.21717171717171718 0.20703125 0.12626262626262627