0 0.6640625 0.14015151515151514 0.1171875 0.10858585858585859
0 0.78125 0.16035353535353536 0.0703125 0.06313131313131314
0 0.4921875 0.13131313131313133 0.0390625 0.04040404040404041
0 0.408203125 0.351010101010101 0.05859375 0.06060606060606061
0 0.560546875 0.48358585858585856 0.06640625 0.06313131313131314
0 0.57421875 0.35353535353535354 0.0546875 0.045454545454545456
0 0.61328125 0.25252525252525254 0.046875 0.04040404040404041
0 0.298828125 0.5252525252525253 0.06640625 0.10101010101010101
0 0.4921875 0.6376262626262627 0.0703125 0.1590909090909091
0 0.595703125 0.6654040404040404 0.12890625 0.09848484848484848
0 0.81640625 0.5542929292929293 0.140625 0.10858585858585859
0 0.9140625 0.4053030303030303 0.0625 0.047979797979797977
0 0.42578125 0.8636363636363636 0.21875 0.24242424242424243