0 0.580078125 0.20933333333333334 0.08984375 0.050666666666666665
0 0.587890625 0.26 0.08984375 0.04
0 0.640625 0.3413333333333333 0.1171875 0.12266666666666666
0 0.2578125 0.31333333333333335 0.1953125 0.06666666666666667
0 0.369140625 0.36 0.06640625 0.05333333333333334
0 0.4296875 0.34 0.0625 0.06133333333333333
0 0.337890625 0.5786666666666667 0.12890625 0.096
0 0.5390625 0.5666666666666667 0.2578125 0.216
0 0.322265625 0.6933333333333334 0.14453125 0.08
0 0.177734375 0.7826666666666666 0.19921875 0.10933333333333334
0 0.7578125 0.644 0.0703125 0.04533333333333334
0 0.732421875 0.7106666666666667 0.15234375 0.088
0 0.568359375 0.9 0.20703125 0.168
0 0.88671875 0.9226666666666666 0.0859375 0.037333333333333336