0 0.638671875 0.20745920745920746 0.20703125 0.19114219114219114
0 0.32421875 0.18065268065268064 0.09375 0.1048951048951049
0 0.2734375 0.44871794871794873 0.0859375 0.08624708624708624
0 0.302734375 0.6888111888111889 0.08984375 0.1282051282051282
0 0.396484375 0.8496503496503497 0.12109375 0.06293706293706294
0 0.44140625 0.38578088578088576 0.15625 0.28205128205128205
0 0.32421875 0.07226107226107226 0.15625 0.07925407925407925
0 0.541015625 0.7715617715617715 0.16015625 0.3123543123543124
0 0.806640625 0.5699300699300699 0.13671875 0.10023310023310024
0 0.83203125 0.6783216783216783 0.09375 0.07459207459207459
0 0.693359375 0.7261072261072261 0.16015625 0.07692307692307693
0 0.802734375 0.4195804195804196 0.05859375 0.07925407925407925
0 0.654296875 0.4090909090909091 0.09765625 0.09557109557109557
0 0.4609375 0.5710955710955711 0.078125 0.08391608391608392