0 0.4453125 0.37037037037037035 0.0859375 0.07977207977207977
0 0.396484375 0.1752136752136752 0.08203125 0.07692307692307693
0 0.619140625 0.2336182336182336 0.13671875 0.15384615384615385
0 0.62890625 0.3475783475783476 0.0859375 0.06267806267806268
0 0.244140625 0.2222222222222222 0.07421875 0.05698005698005698
0 0.244140625 0.3162393162393162 0.15234375 0.10256410256410256
0 0.22265625 0.47435897435897434 0.078125 0.07122507122507123
0 0.5546875 0.45726495726495725 0.078125 0.05413105413105413
0 0.74609375 0.5256410256410257 0.1015625 0.07122507122507123
0 0.4453125 0.6011396011396012 0.3125 0.10256410256410256
0 0.720703125 0.7094017094017094 0.14453125 0.07977207977207977