0 0.626953125 0.2263843648208469 0.06640625 0.09446254071661238
0 0.669921875 0.34201954397394135 0.07421875 0.05863192182410423
0 0.73046875 0.254071661237785 0.1015625 0.11074918566775244
0 0.501953125 0.5325732899022801 0.11328125 0.14006514657980457
0 0.376953125 0.6986970684039088 0.18359375 0.15309446254071662
0 0.45703125 0.4234527687296417 0.0546875 0.07166123778501629
0 0.392578125 0.49185667752442996 0.05859375 0.05863192182410423
0 0.591796875 0.6384364820846905 0.08203125 0.07166123778501629
0 0.556640625 0.745928338762215 0.08984375 0.05211726384364821
0 0.462890625 0.8159609120521173 0.08984375 0.048859934853420196
0 0.5625 0.3534201954397394 0.0546875 0.08143322475570032