0 0.474609375 0.34810126582278483 0.06640625 0.04219409282700422
0 0.556640625 0.4061181434599156 0.08203125 0.08227848101265822
0 0.408203125 0.18670886075949367 0.05078125 0.04008438818565401
0 0.5625 0.1360759493670886 0.140625 0.056962025316455694
0 0.59375 0.24156118143459915 0.09375 0.09071729957805907
0 0.837890625 0.3691983122362869 0.08203125 0.0759493670886076
0 0.509765625 0.6455696202531646 0.15234375 0.12658227848101267
0 0.30078125 0.7848101265822784 0.234375 0.16033755274261605
0 0.513671875 0.7953586497890295 0.13671875 0.11392405063291139
0 0.732421875 0.7647679324894515 0.12109375 0.08227848101265822
0 0.498046875 0.30063291139240506 0.05078125 0.04008438818565401
0 0.490234375 0.8892405063291139 0.21484375 0.04008438818565401