0 0.50390625 0.37037037037037035 0.15625 0.09876543209876543
0 0.275390625 0.22962962962962963 0.19140625 0.08888888888888889
0 0.28125 0.36790123456790125 0.1328125 0.08395061728395062
0 0.3515625 0.4666666666666667 0.125 0.1037037037037037
0 0.46875 0.4580246913580247 0.078125 0.05185185185185185
0 0.3984375 0.29259259259259257 0.0703125 0.056790123456790124
0 0.80859375 0.5580246913580247 0.1171875 0.0691358024691358
0 0.775390625 0.654320987654321 0.17578125 0.1037037037037037
0 0.603515625 0.6123456790123457 0.10546875 0.0691358024691358
0 0.251953125 0.8728395061728395 0.13671875 0.07654320987654321
0 0.1171875 0.41358024691358025 0.1015625 0.07654320987654321