0 0.384765625 0.40632603406326034 0.18359375 0.10218978102189781
0 0.71875 0.33941605839416056 0.09375 0.06569343065693431
0 0.70703125 0.3844282238442822 0.0859375 0.038929440389294405
0 0.728515625 0.4768856447688564 0.12109375 0.1070559610705596
0 0.314453125 0.6313868613138686 0.11328125 0.09002433090024331
0 0.544921875 0.6411192214111923 0.33203125 0.1435523114355231
0 0.2421875 0.7287104622871047 0.1328125 0.0851581508515815
0 0.072265625 0.8126520681265207 0.13671875 0.06326034063260341
0 0.646484375 0.7664233576642335 0.15234375 0.08759124087591241
0 0.41796875 0.8625304136253041 0.09375 0.05596107055961071
0 0.34765625 0.9221411192214112 0.1875 0.072992700729927
0 0.525390625 0.4257907542579075 0.04296875 0.0535279805352798