1 0.501953125 0.2538860103626943 0.04296875 0.031088082901554404
1 0.47265625 0.17746113989637305 0.03125 0.02849740932642487
1 0.3828125 0.2422279792746114 0.046875 0.018134715025906734
1 0.482421875 0.28756476683937826 0.05859375 0.02072538860103627
1 0.515625 0.3380829015544041 0.0546875 0.02849740932642487
1 0.69140625 0.3160621761658031 0.0390625 0.04145077720207254
1 0.587890625 0.40025906735751293 0.07421875 0.03367875647668394
1 0.685546875 0.4015544041450777 0.06640625 0.031088082901554404
1 0.666015625 0.4365284974093264 0.04296875 0.038860103626943004
1 0.720703125 0.4961139896373057 0.08203125 0.05958549222797927
1 0.640625 0.5259067357512953 0.0390625 0.03626943005181347
1 0.5 0.4274611398963731 0.046875 0.03626943005181347
1 0.599609375 0.689119170984456 0.08203125 0.04145077720207254