1 0.662109375 0.6054945054945055 0.05859375 0.041758241758241756
1 0.611328125 0.5560439560439561 0.08203125 0.017582417582417582
1 0.724609375 0.34395604395604396 0.08984375 0.01978021978021978
1 0.634765625 0.2714285714285714 0.06640625 0.01098901098901099
1 0.58984375 0.3 0.0625 0.01978021978021978
1 0.6171875 0.20549450549450549 0.078125 0.041758241758241756
1 0.443359375 0.5901098901098901 0.09765625 0.02857142857142857
1 0.37109375 0.7153846153846154 0.09375 0.046153846153846156
1 0.677734375 0.7681318681318682 0.07421875 0.03736263736263736
1 0.638671875 0.8395604395604396 0.07421875 0.03956043956043956
1 0.451171875 0.8791208791208791 0.05859375 0.03956043956043956
1 0.443359375 0.3362637362637363 0.03515625 0.03076923076923077
1 0.470703125 0.23076923076923078 0.07421875 0.06153846153846154