1 0.49609375 0.4881656804733728 0.0546875 0.047337278106508875
1 0.5078125 0.3239644970414201 0.046875 0.03254437869822485
1 0.576171875 0.22633136094674555 0.05859375 0.06804733727810651
1 0.591796875 0.4511834319526627 0.05078125 0.05029585798816568
1 0.626953125 0.6227810650887574 0.07421875 0.03254437869822485
1 0.61328125 0.7071005917159763 0.0859375 0.05325443786982249
1 0.583984375 0.7928994082840237 0.06640625 0.04142011834319527
1 0.453125 0.7263313609467456 0.0703125 0.05029585798816568
1 0.427734375 0.6316568047337278 0.06640625 0.03254437869822485
1 0.421875 0.5769230769230769 0.0390625 0.029585798816568046
1 0.3515625 0.507396449704142 0.0703125 0.05029585798816568
1 0.560546875 0.3727810650887574 0.09765625 0.05917159763313609
1 0.427734375 0.44822485207100593 0.06640625 0.05621301775147929