1 0.365234375 0.21209213051823417 0.04296875 0.028790786948176585
1 0.275390625 0.2437619961612284 0.05859375 0.030710172744721688
1 0.283203125 0.30806142034548945 0.05859375 0.01727447216890595
1 0.29296875 0.3685220729366603 0.0625 0.030710172744721688
1 0.50390625 0.39731285988483683 0.09375 0.1036468330134357
1 0.685546875 0.45777351247600767 0.05078125 0.02495201535508637
1 0.615234375 0.5355086372360844 0.25390625 0.061420345489443376
1 0.63671875 0.6353166986564299 0.234375 0.05758157389635317
1 0.48828125 0.6967370441458733 0.0625 0.03838771593090211
1 0.6640625 0.7476007677543186 0.09375 0.05182341650671785
1 0.388671875 0.7130518234165067 0.10546875 0.09404990403071017