1 0.412109375 0.3031400966183575 0.05859375 0.03140096618357488
1 0.328125 0.3671497584541063 0.09375 0.043478260869565216
1 0.396484375 0.428743961352657 0.08203125 0.021739130434782608
1 0.404296875 0.47101449275362317 0.08203125 0.043478260869565216
1 0.544921875 0.39492753623188404 0.06640625 0.04589371980676329
1 0.720703125 0.37922705314009664 0.05078125 0.043478260869565216
1 0.345703125 0.29830917874396135 0.04296875 0.04106280193236715
1 0.189453125 0.427536231884058 0.05078125 0.04830917874396135
1 0.318359375 0.4722222222222222 0.05078125 0.036231884057971016
1 0.40234375 0.572463768115942 0.0625 0.033816425120772944
1 0.35546875 0.7632850241545893 0.0546875 0.03864734299516908