1 0.589527027027027 0.412109375 0.04391891891891892 0.05859375
1 0.5152027027027027 0.337890625 0.037162162162162164 0.05078125
1 0.4527027027027027 0.37109375 0.033783783783783786 0.046875
1 0.40878378378378377 0.35546875 0.05405405405405406 0.09375
1 0.23479729729729729 0.376953125 0.07094594594594594 0.05859375
1 0.24155405405405406 0.3046875 0.037162162162162164 0.0390625
1 0.10641891891891891 0.376953125 0.037162162162162164 0.03515625
1 0.2956081081081081 0.48828125 0.05067567567567568 0.03125
1 0.5844594594594594 0.671875 0.0472972972972973 0.0390625
1 0.7635135135135135 0.783203125 0.0472972972972973 0.05078125
1 0.46283783783783783 0.58203125 0.033783783783783786 0.046875
1 0.3547297297297297 0.4296875 0.0472972972972973 0.03125