1 0.509765625 0.3605015673981191 0.05859375 0.09404388714733543
1 0.44921875 0.4952978056426332 0.0859375 0.08150470219435736
1 0.33984375 0.5971786833855799 0.1171875 0.06583072100313479
1 0.40625 0.6567398119122257 0.09375 0.047021943573667714
1 0.34765625 0.7695924764890282 0.078125 0.07210031347962383
1 0.361328125 0.8934169278996865 0.09765625 0.0438871473354232
1 0.525390625 0.8808777429467085 0.08984375 0.050156739811912224
1 0.52734375 0.8056426332288401 0.0703125 0.03134796238244514
1 0.5234375 0.6927899686520376 0.0859375 0.03761755485893417
1 0.51953125 0.6206896551724138 0.0703125 0.03761755485893417
1 0.484375 0.9717868338557993 0.0546875 0.03761755485893417