1 0.578125 0.11349693251533742 0.0859375 0.05930470347648262
1 0.53515625 0.21574642126789367 0.0703125 0.07157464212678936
1 0.419921875 0.32004089979550104 0.12890625 0.07975460122699386
1 0.673828125 0.32719836400818 0.10546875 0.0408997955010225
1 0.46875 0.4386503067484663 0.078125 0.03067484662576687
1 0.509765625 0.516359918200409 0.19140625 0.05112474437627812
1 0.720703125 0.5705521472392638 0.11328125 0.049079754601226995
1 0.55859375 0.6339468302658486 0.203125 0.065439672801636
1 0.548828125 0.7351738241308794 0.23828125 0.04703476482617587
1 0.80078125 0.7770961145194274 0.0703125 0.032719836400818
1 0.751953125 0.7157464212678937 0.05859375 0.044989775051124746
1 0.619140625 0.7832310838445807 0.11328125 0.00408997955010225