1 0.5856573705179283 0.14361702127659576 0.03187250996015936 0.0425531914893617
1 0.6394422310756972 0.13829787234042554 0.0199203187250996 0.031914893617021274
1 0.6573705179282868 0.17553191489361702 0.02390438247011952 0.02127659574468085
1 0.7131474103585658 0.19414893617021275 0.03187250996015936 0.05851063829787234
1 0.44223107569721115 0.4148936170212766 0.13545816733067728 0.1595744680851064
1 0.29282868525896416 0.3803191489361702 0.12350597609561753 0.18617021276595744
1 0.29282868525896416 0.5531914893617021 0.10756972111553785 0.10638297872340426
1 0.12350597609561753 0.6090425531914894 0.1593625498007968 0.3670212765957447
1 0.603585657370518 0.5824468085106383 0.250996015936255 0.2712765957446808
1 0.8027888446215139 0.27393617021276595 0.06772908366533864 0.09042553191489362
1 0.5796812749003984 0.31648936170212766 0.07569721115537849 0.11170212765957446
1 0.448207171314741 0.22872340425531915 0.1394422310756972 0.11702127659574468