1 0.654296875 0.20823244552058112 0.08203125 0.048426150121065374
1 0.6015625 0.28087167070217917 0.078125 0.01937046004842615
1 0.6484375 0.35714285714285715 0.09375 0.07506053268765134
1 0.703125 0.38861985472154964 0.0703125 0.07990314769975787
1 0.607421875 0.46973365617433416 0.16015625 0.07263922518159806
1 0.693359375 0.589588377723971 0.08984375 0.07990314769975787
1 0.5 0.6016949152542372 0.0390625 0.06053268765133172
1 0.716796875 0.6791767554479419 0.06640625 0.026634382566585957
1 0.6171875 0.7021791767554479 0.0703125 0.0387409200968523
1 0.587890625 0.7530266343825666 0.05859375 0.024213075060532687
1 0.66796875 0.8123486682808717 0.0703125 0.026634382566585957
1 0.634765625 0.5423728813559322 0.06640625 0.0387409200968523
1 0.49609375 0.2360774818401937 0.0546875 0.03631961259079903
1 0.482421875 0.3619854721549637 0.08203125 0.026634382566585957
1 0.470703125 0.7869249394673123 0.07421875 0.0387409200968523