1 0.6075697211155379 0.1622340425531915 0.11553784860557768 0.0797872340425532
1 0.4442231075697211 0.2579787234042553 0.1394422310756972 0.09042553191489362
1 0.28087649402390436 0.3803191489361702 0.12350597609561753 0.19680851063829788
1 0.29282868525896416 0.5718085106382979 0.1553784860557769 0.13297872340425532
1 0.13147410358565736 0.5452127659574468 0.10358565737051793 0.17553191489361702
1 0.08764940239043825 0.7207446808510638 0.11952191235059761 0.13297872340425532
1 0.6434262948207171 0.5132978723404256 0.16334661354581673 0.12234042553191489
1 0.5278884462151394 0.6702127659574468 0.18725099601593626 0.14893617021276595
1 0.7749003984063745 0.3404255319148936 0.099601593625498 0.2553191489361702
1 0.6195219123505976 0.324468085106383 0.1394422310756972 0.11702127659574468
1 0.45219123505976094 0.4015957446808511 0.14741035856573706 0.14361702127659576