1 0.5877862595419847 0.61328125 0.07633587786259542 0.078125
1 0.3988549618320611 0.560546875 0.04961832061068702 0.03515625
1 0.44656488549618323 0.626953125 0.08396946564885496 0.05859375
1 0.3377862595419847 0.630859375 0.04961832061068702 0.07421875
1 0.28053435114503816 0.68359375 0.04961832061068702 0.0546875
1 0.3893129770992366 0.724609375 0.06870229007633588 0.03515625
1 0.3187022900763359 0.791015625 0.05725190839694656 0.04296875
1 0.4637404580152672 0.78515625 0.04961832061068702 0.0234375
1 0.4599236641221374 0.86328125 0.03435114503816794 0.0390625
1 0.8282442748091603 0.185546875 0.05343511450381679 0.04296875
1 0.7385496183206107 0.2421875 0.07251908396946564 0.0546875
1 0.5954198473282443 0.263671875 0.0916030534351145 0.09765625
1 0.4064885496183206 0.298828125 0.04961832061068702 0.02734375
1 0.5286259541984732 0.39453125 0.04961832061068702 0.0546875
1 0.6431297709923665 0.32421875 0.04961832061068702 0.0390625
1 0.7041984732824428 0.390625 0.07251908396946564 0.0390625
1 0.8148854961832062 0.306640625 0.05725190839694656 0.02734375
1 0.6545801526717557 0.447265625 0.04961832061068702 0.02734375
1 0.4618320610687023 0.474609375 0.08396946564885496 0.05859375
1 0.1965648854961832 0.40234375 0.05725190839694656 0.046875