1 0.27091633466135456 0.1377245508982036 0.07171314741035857 0.03592814371257485
1 0.16135458167330677 0.2275449101796407 0.12350597609561753 0.1437125748502994
1 0.33067729083665337 0.24251497005988024 0.11952191235059761 0.10778443113772455
1 0.6254980079681275 0.2679640718562874 0.1593625498007968 0.15269461077844312
1 0.7071713147410359 0.405688622754491 0.07569721115537849 0.04491017964071856
1 0.7131474103585658 0.4865269461077844 0.11155378486055777 0.06287425149700598
1 0.9123505976095617 0.6152694610778443 0.16733067729083664 0.1407185628742515
1 0.7948207171314741 0.405688622754491 0.06772908366533864 0.038922155688622756
1 0.848605577689243 0.27095808383233533 0.055776892430278883 0.05089820359281437
1 0.37649402390438247 0.437125748502994 0.250996015936255 0.1317365269461078
1 0.398406374501992 0.7290419161676647 0.50199203187251 0.3023952095808383
1 0.6752988047808764 0.8233532934131736 0.18725099601593626 0.059880239520958084
1 0.6633466135458167 0.7275449101796407 0.099601593625498 0.04790419161676647
1 0.07768924302788845 0.5239520958083832 0.09163346613545817 0.10179640718562874
1 0.061752988047808766 0.38323353293413176 0.07569721115537849 0.059880239520958084
1 0.18326693227091634 0.4176646706586826 0.06374501992031872 0.05688622754491018
1 0.32270916334661354 0.34281437125748504 0.08764940239043825 0.03293413173652695
1 0.5099601593625498 0.1497005988023952 0.0796812749003984 0.04790419161676647
1 0.5856573705179283 0.47305389221556887 0.0796812749003984 0.05389221556886228
1 0.8286852589641435 0.49101796407185627 0.06374501992031872 0.041916167664670656
1 0.7191235059760956 0.5913173652694611 0.09163346613545817 0.05089820359281437