1 0.78515625 0.2734375 0.0234375 0.0234375
1 0.87890625 0.30078125 0.0546875 0.03125
1 0.798828125 0.33984375 0.05078125 0.03125
1 0.794921875 0.40625 0.06640625 0.03125
1 0.76171875 0.482421875 0.0546875 0.05078125
1 0.611328125 0.46875 0.08984375 0.0625
1 0.69921875 0.546875 0.03125 0.03125
1 0.59375 0.56640625 0.046875 0.03125
1 0.583984375 0.634765625 0.08984375 0.05859375
1 0.4453125 0.69140625 0.0625 0.0390625
1 0.505859375 0.736328125 0.05078125 0.04296875
1 0.369140625 0.70703125 0.05078125 0.046875
1 0.3671875 0.810546875 0.0546875 0.05078125
1 0.478515625 0.54296875 0.05859375 0.0390625
1 0.48828125 0.439453125 0.03125 0.03515625