1 0.5418326693227091 0.49640287769784175 0.04780876494023904 0.07194244604316546
1 0.6892430278884463 0.4316546762589928 0.04780876494023904 0.05755395683453238
1 0.7709163346613546 0.4244604316546763 0.035856573705179286 0.07194244604316546
1 0.7709163346613546 0.6438848920863309 0.05179282868525897 0.06474820143884892
1 0.898406374501992 0.6510791366906474 0.05179282868525897 0.07913669064748201
1 0.9462151394422311 0.49640287769784175 0.05976095617529881 0.07194244604316546
1 0.8585657370517928 0.7446043165467626 0.035856573705179286 0.050359712230215826
1 0.6713147410358565 0.6870503597122302 0.05976095617529881 0.09352517985611511
1 0.49800796812749004 0.5719424460431655 0.03187250996015936 0.03597122302158273
1 0.4681274900398406 0.6151079136690647 0.027888446215139442 0.050359712230215826
1 0.4541832669322709 0.697841726618705 0.0398406374501992 0.04316546762589928
1 0.5796812749003984 0.8165467625899281 0.043824701195219126 0.050359712230215826
1 0.5079681274900398 0.8309352517985612 0.043824701195219126 0.07913669064748201
1 0.34860557768924305 0.6546762589928058 0.035856573705179286 0.07194244604316546
1 0.30278884462151395 0.4136690647482014 0.0398406374501992 0.050359712230215826
1 0.2788844621513944 0.5719424460431655 0.04780876494023904 0.050359712230215826
1 0.25298804780876494 0.60431654676259 0.035856573705179286 0.05755395683453238
1 0.19721115537848605 0.45323741007194246 0.027888446215139442 0.08633093525179857
1 0.750996015936255 0.7949640287769785 0.07569721115537849 0.1079136690647482
1 0.8087649402390438 0.8453237410071942 0.03187250996015936 0.050359712230215826
1 0.2948207171314741 0.7949640287769785 0.03187250996015936 0.050359712230215826
1 0.6055776892430279 0.26258992805755393 0.055776892430278883 0.07913669064748201
1 0.8705179282868526 0.30935251798561153 0.043824701195219126 0.05755395683453238
1 0.41434262948207173 0.46402877697841727 0.04780876494023904 0.050359712230215826