1 0.240234375 0.5140845070422535 0.15234375 0.28169014084507044
1 0.412109375 0.4859154929577465 0.07421875 0.08450704225352113
1 0.619140625 0.2640845070422535 0.07421875 0.11971830985915492
1 0.6796875 0.44014084507042256 0.0546875 0.09154929577464789
1 0.681640625 0.704225352112676 0.04296875 0.07042253521126761
1 0.76171875 0.7852112676056338 0.078125 0.13380281690140844
1 0.951171875 0.49295774647887325 0.05078125 0.09859154929577464
1 0.7734375 0.4084507042253521 0.046875 0.08450704225352113
1 0.861328125 0.31690140845070425 0.05859375 0.08450704225352113
1 0.466796875 0.6795774647887324 0.05859375 0.1619718309859155
1 0.3515625 0.6690140845070423 0.046875 0.09859154929577464
1 0.29296875 0.8028169014084507 0.0625 0.09859154929577464
1 0.544921875 0.8591549295774648 0.10546875 0.15492957746478872
1 0.517578125 0.5211267605633803 0.08203125 0.14084507042253522
1 0.783203125 0.6267605633802817 0.05078125 0.07042253521126761
1 0.904296875 0.6549295774647887 0.04296875 0.08450704225352113
1 0.859375 0.7394366197183099 0.046875 0.09859154929577464