1 0.41015625 0.1831275720164609 0.1015625 0.08641975308641975
1 0.462890625 0.3436213991769547 0.12890625 0.13168724279835392
1 0.306640625 0.39300411522633744 0.18359375 0.1440329218106996
1 0.373046875 0.5123456790123457 0.07421875 0.05761316872427984
1 0.587890625 0.3168724279835391 0.05078125 0.037037037037037035
1 0.609375 0.3950617283950617 0.078125 0.06172839506172839
1 0.69921875 0.360082304526749 0.0625 0.02880658436213992
1 0.6484375 0.6358024691358025 0.1171875 0.09465020576131687
1 0.59765625 0.5102880658436214 0.1171875 0.053497942386831275
1 0.390625 0.6039094650205762 0.1171875 0.043209876543209874
1 0.384765625 0.6851851851851852 0.21484375 0.053497942386831275
1 0.34375 0.7829218106995884 0.1640625 0.08436213991769548