1 0.619140625 0.15364583333333334 0.12109375 0.11979166666666667
1 0.638671875 0.5364583333333334 0.18359375 0.16666666666666666
1 0.40234375 0.40625 0.21875 0.17708333333333334
1 0.203125 0.6067708333333334 0.1796875 0.203125
1 0.70703125 0.3385416666666667 0.3359375 0.20833333333333334
1 0.52734375 0.6875 0.1875 0.11458333333333333
1 0.34375 0.6197916666666666 0.078125 0.21875
1 0.189453125 0.4088541666666667 0.18359375 0.18229166666666666
1 0.083984375 0.7057291666666666 0.05078125 0.11979166666666667
1 0.451171875 0.21614583333333334 0.15234375 0.171875
1 0.763671875 0.13020833333333334 0.12890625 0.15625