1 0.275390625 0.22513562386980107 0.06640625 0.045207956600361664
1 0.40625 0.3191681735985534 0.125 0.0705244122965642
1 0.521484375 0.28933092224231466 0.06640625 0.05063291139240506
1 0.603515625 0.24050632911392406 0.08984375 0.06148282097649186
1 0.337890625 0.4231464737793852 0.08203125 0.0325497287522604
1 0.470703125 0.4412296564195298 0.06640625 0.05063291139240506
1 0.6796875 0.484629294755877 0.21875 0.13743218806509946
1 0.744140625 0.6112115732368897 0.09765625 0.054249547920433995
1 0.798828125 0.6826401446654611 0.18359375 0.027124773960216998
1 0.755859375 0.7676311030741411 0.16796875 0.06690777576853527
1 0.66015625 0.8426763110307414 0.1484375 0.09764918625678119
1 0.40625 0.5886075949367089 0.078125 0.04159132007233273
1 0.4609375 0.8598553345388789 0.1015625 0.03074141048824593
1 0.404296875 0.7215189873417721 0.15234375 0.06871609403254973