1 0.365234375 0.4413489736070381 0.20703125 0.15542521994134897
1 0.318359375 0.2404692082111437 0.18359375 0.2287390029325513
1 0.59765625 0.23020527859237536 0.2734375 0.2375366568914956
1 0.705078125 0.45161290322580644 0.38671875 0.1466275659824047
1 0.775390625 0.6173020527859238 0.44140625 0.16129032258064516
1 0.3671875 0.6495601173020528 0.359375 0.1436950146627566
1 0.2109375 0.8108504398826979 0.203125 0.1495601173020528
1 0.685546875 0.7917888563049853 0.19921875 0.15835777126099707
1 0.849609375 0.2756598240469208 0.08984375 0.10557184750733138
1 0.162109375 0.23460410557184752 0.10546875 0.15835777126099707
1 0.05859375 0.37976539589442815 0.109375 0.07331378299120235
1 0.083984375 0.5234604105571847 0.12109375 0.12023460410557185
1 0.181640625 0.4120234604105572 0.08203125 0.06744868035190615