1 0.27740863787375414 0.130859375 0.029900332225913623 0.05859375
1 0.33056478405315615 0.205078125 0.04318936877076412 0.08984375
1 0.28903654485049834 0.33984375 0.059800664451827246 0.0703125
1 0.4435215946843854 0.189453125 0.05647840531561462 0.07421875
1 0.526578073089701 0.328125 0.04318936877076412 0.078125
1 0.584717607973422 0.44921875 0.046511627906976744 0.0546875
1 0.6528239202657807 0.474609375 0.04318936877076412 0.08203125
1 0.8073089700996677 0.603515625 0.059800664451827246 0.07421875
1 0.8504983388704319 0.69921875 0.059800664451827246 0.0703125
1 0.8205980066445183 0.814453125 0.07308970099667775 0.12109375
1 0.6212624584717608 0.71484375 0.059800664451827246 0.0859375
1 0.5182724252491694 0.560546875 0.08637873754152824 0.08203125