1 0.431640625 0.23324742268041238 0.14453125 0.14690721649484537
1 0.5546875 0.28737113402061853 0.046875 0.03865979381443299
1 0.5234375 0.37628865979381443 0.0546875 0.03608247422680412
1 0.5625 0.48582474226804123 0.09375 0.05412371134020619
1 0.353515625 0.5038659793814433 0.08984375 0.059278350515463915
1 0.580078125 0.6056701030927835 0.08203125 0.05154639175257732
1 0.73828125 0.6288659793814433 0.125 0.09278350515463918
1 0.720703125 0.5270618556701031 0.12109375 0.05412371134020619
1 0.642578125 0.7268041237113402 0.12890625 0.10824742268041238
1 0.328125 0.6817010309278351 0.1171875 0.04896907216494845
1 0.26171875 0.770618556701031 0.234375 0.10824742268041238
1 0.099609375 0.6662371134020618 0.06640625 0.05412371134020619