1 0.62109375 0.14583333333333334 0.109375 0.125
1 0.4296875 0.2265625 0.1796875 0.13020833333333334
1 0.318359375 0.421875 0.20703125 0.13541666666666666
1 0.482421875 0.390625 0.12109375 0.15625
1 0.63671875 0.359375 0.140625 0.15625
1 0.59765625 0.2526041666666667 0.0390625 0.046875
1 0.8125 0.2838541666666667 0.109375 0.15104166666666666
1 0.69140625 0.5416666666666666 0.2421875 0.15625
1 0.521484375 0.6354166666666666 0.10546875 0.21875
1 0.30078125 0.6223958333333334 0.1875 0.24479166666666666
1 0.154296875 0.5755208333333334 0.10546875 0.2864583333333333
1 0.689453125 0.7005208333333334 0.05078125 0.09895833333333333