1 0.47265625 0.1406926406926407 0.1171875 0.04329004329004329
1 0.41796875 0.2012987012987013 0.0859375 0.047619047619047616
1 0.58984375 0.22510822510822512 0.0703125 0.04329004329004329
1 0.279296875 0.26406926406926406 0.06640625 0.03463203463203463
1 0.310546875 0.33225108225108224 0.06640625 0.07142857142857142
1 0.35546875 0.4772727272727273 0.1484375 0.12337662337662338
1 0.59375 0.5346320346320347 0.078125 0.047619047619047616
1 0.708984375 0.5941558441558441 0.16796875 0.08441558441558442
1 0.650390625 0.7023809523809523 0.14453125 0.07575757575757576
1 0.744140625 0.45346320346320346 0.08984375 0.049783549783549784
1 0.779296875 0.26515151515151514 0.09765625 0.04112554112554113
1 0.126953125 0.474025974025974 0.08984375 0.04329004329004329