1 0.248046875 0.16981132075471697 0.10546875 0.06289308176100629
1 0.421875 0.1792452830188679 0.1015625 0.06079664570230608
1 0.541015625 0.24109014675052412 0.10546875 0.09224318658280922
1 0.4296875 0.39832285115303984 0.1640625 0.06708595387840671
1 0.390625 0.31551362683438156 0.1484375 0.06079664570230608
1 0.552734375 0.5408805031446541 0.29296875 0.09224318658280922
1 0.701171875 0.6383647798742138 0.10546875 0.08176100628930817
1 0.5859375 0.7180293501048218 0.1171875 0.03563941299790356
1 0.5 0.8092243186582809 0.15625 0.08385744234800839
1 0.25 0.5513626834381551 0.1484375 0.10062893081761007
1 0.251953125 0.70020964360587 0.18359375 0.07127882599580712
1 0.828125 0.4161425576519916 0.0859375 0.0440251572327044