1 0.25390625 0.21407624633431085 0.3046875 0.19941348973607037
1 0.583984375 0.2287390029325513 0.27734375 0.21700879765395895
1 0.845703125 0.2932551319648094 0.10546875 0.11730205278592376
1 0.75390625 0.4472140762463343 0.265625 0.19648093841642228
1 0.361328125 0.4222873900293255 0.20703125 0.187683284457478
1 0.107421875 0.4706744868035191 0.19921875 0.24926686217008798
1 0.583984375 0.4809384164222874 0.09765625 0.08211143695014662
1 0.50390625 0.6392961876832844 0.265625 0.1466275659824047
1 0.220703125 0.7756598240469208 0.26953125 0.2316715542521994
1 0.68359375 0.7932551319648093 0.2109375 0.16715542521994134
1 0.83984375 0.624633431085044 0.3203125 0.1348973607038123