1 0.34765625 0.21994134897360704 0.2421875 0.18181818181818182
1 0.1484375 0.24193548387096775 0.15625 0.16715542521994134
1 0.15234375 0.41055718475073316 0.296875 0.11730205278592376
1 0.09765625 0.5366568914956011 0.1171875 0.1348973607038123
1 0.2265625 0.7697947214076246 0.2109375 0.2668621700879765
1 0.5625 0.6422287390029325 0.3203125 0.2756598240469208
1 0.6484375 0.2829912023460411 0.25 0.20234604105571846
1 0.8515625 0.2844574780058651 0.078125 0.11730205278592376
1 0.73828125 0.4413489736070381 0.46875 0.10850439882697947
1 0.89453125 0.6085043988269795 0.2109375 0.18475073313782991
1 0.66796875 0.8284457478005866 0.2578125 0.10263929618768329